  -1.0000000000000000        32.079999999999998     
 -0.93999999999999995        31.538200000000000     
 -0.87999999999999989        30.996400000000001     
 -0.81999999999999984        30.454599999999996     
 -0.75999999999999979        29.912799999999997     
 -0.69999999999999973        29.370999999999999     
 -0.63999999999999968        28.829200000000000     
 -0.57999999999999963        28.287399999999998     
 -0.51999999999999957        27.745599999999996     
 -0.45999999999999958        27.203799999999994     
 -0.39999999999999958        26.661999999999992     
 -0.33999999999999958        26.120199999999997     
 -0.27999999999999958        25.578399999999998     
 -0.21999999999999958        25.036600000000000     
 -0.15999999999999959        24.494799999999998     
  -9.9999999999999589E-002   23.952999999999999     
  -3.9999999999999591E-002   23.411200000000001     
   2.0000000000000406E-002   22.869399999999999     
   8.0000000000000404E-002   22.327599999999997     
  0.14000000000000040        21.785799999999998     
  0.20000000000000040        21.244000000000000     
  0.26000000000000040        20.702199999999998     
  0.32000000000000040        20.160400000000003     
  0.38000000000000039        19.618599999999997     
  0.44000000000000039        19.076799999999999     
  0.50000000000000044        18.534999999999997     
  0.56000000000000050        17.993199999999995     
  0.62000000000000055        17.451399999999996     
  0.68000000000000060        16.909599999999998     
  0.74000000000000066        16.367799999999995     
  0.80000000000000071        15.825999999999995     
  0.86000000000000076        15.284199999999993     
  0.92000000000000082        14.742399999999993     
  0.98000000000000087        14.200599999999991     
   1.0400000000000009        13.658799999999992     
   1.1000000000000010        13.116999999999990     
   1.1600000000000010        12.575199999999992     
   1.2200000000000011        12.033399999999990     
   1.2800000000000011        11.491599999999988     
   1.3400000000000012        10.949799999999989     
   1.4000000000000012        10.407999999999989     
   1.4600000000000013        9.8661999999999885     
   1.5200000000000014        9.3243999999999865     
   1.5800000000000014        8.7825999999999880     
   1.6400000000000015        8.2407999999999877     
   1.7000000000000015        7.6989999999999874     
   1.7600000000000016        7.1571999999999854     
   1.8200000000000016        6.6153999999999868     
   1.8800000000000017        6.0735999999999848     
   1.9400000000000017        5.5317999999999845     
   2.0000000000000018        4.9899999999999842     
   2.0600000000000018        4.4481999999999839     
   2.1200000000000019        3.9063999999999837     
   2.1800000000000019        3.3645999999999847     
   2.2400000000000020        2.8227999999999818     
   2.3000000000000020        2.2809999999999819     
   2.3600000000000021        1.7391999999999821     
   2.4200000000000021        1.1973999999999823     
   2.4800000000000022       0.65559999999998042     
   2.5400000000000023       0.11379999999997903     
   2.6000000000000023      -0.42800000000002170     
   2.6600000000000024      -0.96980000000002153     
   2.7200000000000024       -1.5116000000000227     
   2.7800000000000025       -2.0534000000000230     
   2.8400000000000025       -2.5952000000000233     
   2.9000000000000026       -3.1370000000000244     
   2.9600000000000026       -3.6788000000000238     
   3.0200000000000027       -4.2206000000000232     
   3.0800000000000027       -4.7624000000000253     
   3.1400000000000028       -5.3042000000000247     
   3.2000000000000028       -5.8460000000000250     
   3.2600000000000029       -6.3878000000000261     
   3.3200000000000029       -6.9296000000000282     
   3.3800000000000030       -7.4714000000000276     
   3.4400000000000031       -8.0132000000000279     
   3.5000000000000031       -8.5550000000000281     
   3.5600000000000032       -9.0968000000000284     
   3.6200000000000032       -9.6386000000000305     
   3.6800000000000033       -10.180400000000031     
   3.7400000000000033       -10.722200000000031     
   3.8000000000000034       -11.264000000000031     
   3.8600000000000034       -11.805800000000030     
   3.9200000000000035       -12.347600000000032     
   3.9800000000000035       -12.889400000000034     
   4.0400000000000036       -13.431200000000032     
   4.1000000000000032       -13.973000000000031     
   4.1600000000000028       -14.514800000000026     
   4.2200000000000024       -15.056600000000021     
   4.2800000000000020       -15.598400000000019     
   4.3400000000000016       -16.140200000000014     
   4.4000000000000012       -16.682000000000013     
   4.4600000000000009       -17.223800000000008     
   4.5200000000000005       -17.765600000000006     
   4.5800000000000001       -18.307400000000001     
   4.6399999999999997       -18.849200000000000     
   4.6999999999999993       -19.390999999999995     
   4.7599999999999989       -19.932799999999993     
   4.8199999999999985       -20.474599999999988     
   4.8799999999999981       -21.016399999999987     
   4.9399999999999977       -21.558199999999982     
