 ******** TEST FOR LINEAR DEPENDENCIES *********
 ***** EIGENVALUES OF THE OVERLAP MATRICES *****
 REPRESENTATION:           1  DIMEN:           1
           1          35
   0.2176485E-03  0.6534402E-03  0.3267294E-01  0.4971716E-01  0.4971716E-01
   0.4971716E-01  0.5488087E-01  0.8318050E-01  0.8318050E-01  0.1247708    
   0.1247708      0.1247708      0.1443186      0.1443186      0.1443186    
   0.2782653      0.4736710      0.4736710      0.7105065      0.7105065    
   0.7105065      0.7426636      0.7426636      0.7426636       1.021846    
    1.443148       1.443148       1.705658       2.164723       2.164723    
    2.164723       3.063301       3.063301       3.063301       6.905806    
