          15          15
   4.9733840977294955E-003 -0.16267528582131346       -1.3897026600995117     
   1.5372457247050537        1.0732505056423585       -1.6407317105316650     
  0.62552299246853027      -0.57021575300224614       -2.7922500450495118     
  0.44188640229304199       0.18132967037673342       0.14864654631574706     
  -1.6228226186248291      -0.75938116365920405       -1.7659244736132078     
 -0.19719585527751465       -8.6540348552490237E-002   1.5100963541442383     
   1.9485116341406739      -0.23602795570432128       -2.5197743580483887     
   2.7661027227354738       0.15934494147631839       -2.0432159154674316     
   2.1878195477547608      -0.90176664546364749       -4.0853576030562984     
  -1.8989325050952148       0.19082500258635254        2.3603509655944093     
 -0.87228134255151368       0.86758163720637205        2.1185028878876953     
 -0.99893557975390623      -0.58570927552099605        2.6413222146702879     
  -1.7563083872922607      -0.92143355035097652        3.5925338439444334     
  -2.9935746831042480       0.50913013670622553        2.3974571928332518     
   1.7232759403745361      -0.17338624384177248        2.4096115613982665     
   4.8934700002099610E-002  0.47026753615893557       -1.3408062030137939     
  0.21717080330747071      -0.11471216296401367       0.97345314936577143     
  -1.7005435413049561       0.69396769353190912        1.7972628694272217     
 -0.35701552972043454       0.73420655348703612       0.11242168953603515     
   1.8358027914725830      -0.24585341176032716        1.7569415521665039     
 -0.98440297195695803       -1.0289927246116455        2.4424573106536864     
   2.3097372318980716       -9.0729200006835937E-003  -3.0529599765182618     
   3.0474592247354493       0.28096272197480465       -1.8367033348717285     
   1.1719247569229492       -1.0437371796298582       -2.2612098321312013     
   2.0046389818237547      -0.23394914169482417       -4.0022047009607178     
   1.0150146867394532       0.46667253586140134       -1.2662628254472412     
  -1.3134462929145996      -0.63312047888469236       -1.6746413358814940     
  -1.9522001626140137        6.8253143093725585E-002   2.6351514978215089     
  -1.8111899630651855      -0.22122981169543454        3.8900532487825195     
  -2.6195479448724122       0.46160952292846680        2.4041698376097411     
