GGA-PBE*GGA-PBE
NONE
12
-1.870616        1.870505        0.000529  6  ALL
 0.684735        2.555320        0.000224  6  ALL
 2.555320        0.684735        0.000224  6  ALL
 1.870505       -1.870616        0.000529  6  ALL
-0.684551       -2.555064        0.000137  6  ALL
-2.555064       -0.684551        0.000137  6  ALL
 1.217864        4.545652       -0.000728  1  ALL
 4.545652        1.217864       -0.000728  1  ALL
-1.218062       -4.545348       -0.000802  1  ALL
-4.545348       -1.218062       -0.000802  1  ALL
-3.327790        3.327356        0.000639  1  ALL
 3.327356       -3.327790        0.000639  1  ALL
0.0 0.0
