 ********* NEW TRY ************, SPIN:            1
 REP:            1  DIM:            1  NUMBER OF BASES:          324
           1         324
   -9.893618      -9.893427      -9.893418      -9.893037      -9.893029    
   -9.892837     -0.7781921     -0.6763995     -0.6763977     -0.5438825    
  -0.5438786     -0.4722624     -0.4104310     -0.4002203     -0.3749518    
  -0.3749443     -0.3318317     -0.3024260     -0.3024233     -0.2321062    
  -0.2321059     -0.4501641E-01 -0.4501478E-01  0.1731997E-02  0.2780864E-01
   0.2781082E-01  0.5412959E-01  0.5413204E-01  0.7932416E-01  0.8451910E-01
   0.9409886E-01  0.1151114      0.1402428      0.1521768      0.1521800    
   0.1609058      0.1609090      0.1672704      0.1672708      0.2064058    
   0.2116690      0.2116692      0.2187350      0.2187369      0.2532435    
   0.2663462      0.2663477      0.2687982      0.2688019      0.2800992    
   0.2807744      0.2807802      0.2849371      0.3194703      0.3495757    
   0.3495783      0.3683044      0.3702140      0.3702179      0.3731226    
   0.4467055      0.4467058      0.4726150      0.4969270      0.4969276    
   0.4971749      0.5043995      0.5281296      0.5389090      0.5389093    
   0.5411922      0.5563933      0.5563982      0.5639845      0.5639958    
   0.5893685      0.5894673      0.5894721      0.5943357      0.6311720    
   0.6712933      0.6782660      0.6782731      0.6951344      0.7300202    
   0.7300225      0.7309855      0.7309885      0.7718962      0.7719015    
   0.7727871      0.7727879      0.8088898      0.8174215      0.8174243    
   0.8372666      0.8386326      0.8553108      0.8700906      0.8700940    
   0.8801083      0.8989750      0.8989849      0.9392779      0.9392856    
   0.9573352      0.9632419      0.9715519      0.9715545      0.9746723    
   0.9746774       1.098740       1.098744       1.119584       1.119589    
    1.138140       1.166312       1.224234       1.224236       1.238611    
    1.238615       1.273177       1.273179       1.313025       1.343211    
    1.353135       1.359696       1.370784       1.378862       1.378867    
    1.433174       1.435466       1.461815       1.461824       1.468510    
    1.478781       1.478787       1.515960       1.561349       1.618652    
    1.618656       1.622321       1.622342       1.662467       1.662468    
    1.663447       1.663449       1.688662       1.689540       1.711820    
    1.711821       1.786838       1.786841       1.839901       1.839903    
    1.888865       1.888871       1.935204       1.981661       2.009553    
    2.009556       2.029514       2.043109       2.044229       2.044247    
    2.077943       2.077946       2.110094       2.110105       2.207181    
    2.212234       2.212242       2.218417       2.218422       2.238558    
    2.246951       2.304335       2.304336       2.306076       2.306088    
    2.349513       2.358997       2.396478       2.406192       2.406193    
    2.420996       2.421000       2.422293       2.452312       2.452387    
    2.453597       2.453674       2.462476       2.491542       2.528937    
    2.528941       2.586502       2.586509       2.624615       2.704730    
    2.704739       2.740862       2.740875       2.748590       2.850560    
    2.868550       2.935639       2.935644       2.944108       2.967043    
    2.967059       2.982624       2.999987       2.999993       3.226786    
    3.261168       3.283020       3.283024       3.312319       3.312331    
    3.331691       3.363637       3.363640       3.379239       3.379261    
    3.410717       3.425935       3.501060       3.502045       3.502053    
    3.575358       3.636995       3.637190       3.637232       3.682743    
    3.682758       3.843289       3.843321       3.906939       3.981378    
    3.981387       4.003887       4.003902       4.032766       4.078819    
    4.113140       4.127590       4.380201       4.380207       4.489749    
    4.489751       4.524597       5.017607       5.017612       5.043583    
    5.067760       5.067762       5.086289       5.260000       5.260009    
    5.262908       5.262910       5.268492       5.289867       5.289869    
    5.342993       5.342997       5.413478       5.442168       5.513575    
    5.513593       5.526966       5.576092       5.576114       5.644636    
    5.709641       5.732885       5.732888       5.757525       5.826272    
    5.826282       5.910426       6.172602       6.172627       6.185136    
    6.185165       6.190124       6.606741       7.493163       7.543804    
    7.543807       7.602352       7.602356       7.659858       7.739906    
    7.930567       7.930576       8.038342       8.038349       8.264345    
    8.379335       8.580899       8.580907       8.829380       8.829393    
    9.113786       10.05889       10.19629       10.19631       10.35631    
    10.35632       10.54072       10.98457       10.99130       10.99143    
    11.00236       11.00246       11.19298       50.56687       50.59286    
    50.59287       50.59972       50.59977       50.71593    
 FERMI LEVEL:   -4.8412826991921676E-002  TEMP:    1.0000000000000000E-004
 SUMMARY OF EVALUES AND THEIR OCCUPANCIES:
    1  REP:  1  DEG:  1  SPIN:  1  ENERGY:   -9.89362      OCC:    1.00000    
    2  REP:  1  DEG:  1  SPIN:  1  ENERGY:   -9.89343      OCC:    1.00000    
    3  REP:  1  DEG:  1  SPIN:  1  ENERGY:   -9.89342      OCC:    1.00000    
    4  REP:  1  DEG:  1  SPIN:  1  ENERGY:   -9.89304      OCC:    1.00000    
    5  REP:  1  DEG:  1  SPIN:  1  ENERGY:   -9.89303      OCC:    1.00000    
    6  REP:  1  DEG:  1  SPIN:  1  ENERGY:   -9.89284      OCC:    1.00000    
    7  REP:  1  DEG:  1  SPIN:  1  ENERGY:  -0.778192      OCC:    1.00000    
    8  REP:  1  DEG:  1  SPIN:  1  ENERGY:  -0.676400      OCC:    1.00000    
    9  REP:  1  DEG:  1  SPIN:  1  ENERGY:  -0.676398      OCC:    1.00000    
   10  REP:  1  DEG:  1  SPIN:  1  ENERGY:  -0.543883      OCC:    1.00000    
   11  REP:  1  DEG:  1  SPIN:  1  ENERGY:  -0.543879      OCC:    1.00000    
   12  REP:  1  DEG:  1  SPIN:  1  ENERGY:  -0.472262      OCC:    1.00000    
   13  REP:  1  DEG:  1  SPIN:  1  ENERGY:  -0.410431      OCC:    1.00000    
   14  REP:  1  DEG:  1  SPIN:  1  ENERGY:  -0.400220      OCC:    1.00000    
   15  REP:  1  DEG:  1  SPIN:  1  ENERGY:  -0.374952      OCC:    1.00000    
   16  REP:  1  DEG:  1  SPIN:  1  ENERGY:  -0.374944      OCC:    1.00000    
   17  REP:  1  DEG:  1  SPIN:  1  ENERGY:  -0.331832      OCC:    1.00000    
   18  REP:  1  DEG:  1  SPIN:  1  ENERGY:  -0.302426      OCC:    1.00000    
   19  REP:  1  DEG:  1  SPIN:  1  ENERGY:  -0.302423      OCC:    1.00000    
   20  REP:  1  DEG:  1  SPIN:  1  ENERGY:  -0.232106      OCC:    1.00000    
   21  REP:  1  DEG:  1  SPIN:  1  ENERGY:  -0.232106      OCC:    1.00000    
   22  REP:  1  DEG:  1  SPIN:  1  ENERGY:  -0.450164E-01  OCC:   0.177636E-14
   23  REP:  1  DEG:  1  SPIN:  1  ENERGY:  -0.450148E-01  OCC:   0.174775E-14
   24  REP:  1  DEG:  1  SPIN:  1  ENERGY:   0.173200E-02  OCC:   0.167416-217
