                -232.0324488707     3 Energy and Symbol NCALC
          -1.86898400           1.86902800           0.00052100   6   6
   0.330960807765D-04  -0.360913823937D-04  -0.754097937903D-05
           0.68412700           2.55314300           0.00021100   6   6
  -0.165431030180D-04  -0.356409911577D-04  -0.110353556412D-04
           2.55314300           0.68412700           0.00021100   6   6
  -0.356409860284D-04  -0.165431022044D-04  -0.110353554186D-04
           1.86902800          -1.86898400           0.00052100   6   6
  -0.360913064910D-04   0.330960679970D-04  -0.754097722022D-05
          -0.68403700          -2.55300100           0.00012700   6   6
   0.826688366967D-05   0.526654387179D-04  -0.829765468976D-05
          -2.55300100          -0.68403700           0.00012700   6   6
   0.526653563895D-04   0.826690832105D-05  -0.829765246185D-05
           1.21794500           4.54592500          -0.00070900   1   1
  -0.145882803626D-03  -0.579511668644D-03   0.165372038257D-04
           4.54592500           1.21794500          -0.00070900   1   1
  -0.579511670452D-03  -0.145882808232D-03   0.165372037761D-04  <--- MAX-FORCE
          -1.21812500          -4.54560700          -0.00078500   1   1
   0.153268218514D-03   0.541220601923D-03   0.149925587870D-04
          -4.54560700          -1.21812500          -0.00078500   1   1
   0.541220609094D-03   0.153268219399D-03   0.149925587593D-04
          -3.32797400           3.32755900           0.00063400   1   1
   0.424482329457D-03  -0.400167509803D-03  -0.466991426857D-05
           3.32755900          -3.32797400           0.00063400   1   1
  -0.400167515816D-03   0.424482333905D-03  -0.466991425214D-05
   0.554103725952D-04   0.554103721901D-04   0.445088196008D-03
   0.000000000000D+00   0.000000000000D+00   0.000000000000D+00
