          12
  -1.8706160000000001        1.8705050000000001        5.2899999999999996E-004
          20           1
   5.1730465500000003E-002  -2.0136588852502038     
  0.10346093100000001        3.1713674887381291     
  0.20692186200000001       -4.5132020932686334     
  0.41384372400000002        3.7745676623515028     
  0.82768744800000005       -4.9061193406020811     
   1.6553748960000001        3.0313786450625928     
   3.3107497920000002       -3.2502317189779633     
   6.6214995840000004        1.6019555081444463     
   13.242999168000001       -2.5365250508177031     
   26.485998336000002        1.7118252969161785     
   52.971996672000003       -2.2411288847875519     
   105.94399334400001        1.3855432294940180     
   211.88798668800001       -1.5113856524994187     
   423.77597337600002        1.0259041105072897     
   847.55194675200005      -0.97216741481407398     
   1695.1038935040001       0.64025337786896275     
   3390.2077870080002      -0.49534589265599083     
   6780.4155740160004       0.21656769561075515     
   13560.831148032001       -7.0968983811020778E-002
   27121.662296064002       -3.8271697200255250E-002
  
  0.68473499999999998        2.5553200000000000        2.2400000000000000E-004
          20           1
   5.1730465500000003E-002  -2.0136588852502038     
  0.10346093100000001        3.1713674887381291     
  0.20692186200000001       -4.5132020932686334     
  0.41384372400000002        3.7745676623515028     
  0.82768744800000005       -4.9061193406020811     
   1.6553748960000001        3.0313786450625928     
   3.3107497920000002       -3.2502317189779633     
   6.6214995840000004        1.6019555081444463     
   13.242999168000001       -2.5365250508177031     
   26.485998336000002        1.7118252969161785     
   52.971996672000003       -2.2411288847875519     
   105.94399334400001        1.3855432294940180     
   211.88798668800001       -1.5113856524994187     
   423.77597337600002        1.0259041105072897     
   847.55194675200005      -0.97216741481407398     
   1695.1038935040001       0.64025337786896275     
   3390.2077870080002      -0.49534589265599083     
   6780.4155740160004       0.21656769561075515     
   13560.831148032001       -7.0968983811020778E-002
   27121.662296064002       -3.8271697200255250E-002
  
   2.5553200000000000       0.68473499999999998        2.2400000000000000E-004
          20           1
   5.1730465500000003E-002  -2.0136588852502038     
  0.10346093100000001        3.1713674887381291     
  0.20692186200000001       -4.5132020932686334     
  0.41384372400000002        3.7745676623515028     
  0.82768744800000005       -4.9061193406020811     
   1.6553748960000001        3.0313786450625928     
   3.3107497920000002       -3.2502317189779633     
   6.6214995840000004        1.6019555081444463     
   13.242999168000001       -2.5365250508177031     
   26.485998336000002        1.7118252969161785     
   52.971996672000003       -2.2411288847875519     
   105.94399334400001        1.3855432294940180     
   211.88798668800001       -1.5113856524994187     
   423.77597337600002        1.0259041105072897     
   847.55194675200005      -0.97216741481407398     
   1695.1038935040001       0.64025337786896275     
   3390.2077870080002      -0.49534589265599083     
   6780.4155740160004       0.21656769561075515     
   13560.831148032001       -7.0968983811020778E-002
   27121.662296064002       -3.8271697200255250E-002
  
   1.8705050000000001       -1.8706160000000001        5.2899999999999996E-004
          20           1
   5.1730465500000003E-002  -2.0136588852502038     
  0.10346093100000001        3.1713674887381291     
  0.20692186200000001       -4.5132020932686334     
  0.41384372400000002        3.7745676623515028     
  0.82768744800000005       -4.9061193406020811     
   1.6553748960000001        3.0313786450625928     
   3.3107497920000002       -3.2502317189779633     
   6.6214995840000004        1.6019555081444463     
   13.242999168000001       -2.5365250508177031     
   26.485998336000002        1.7118252969161785     
   52.971996672000003       -2.2411288847875519     
   105.94399334400001        1.3855432294940180     
   211.88798668800001       -1.5113856524994187     
   423.77597337600002        1.0259041105072897     
   847.55194675200005      -0.97216741481407398     
   1695.1038935040001       0.64025337786896275     
   3390.2077870080002      -0.49534589265599083     
   6780.4155740160004       0.21656769561075515     
   13560.831148032001       -7.0968983811020778E-002
   27121.662296064002       -3.8271697200255250E-002
  
 -0.68455100000000002       -2.5550639999999998        1.3700000000000000E-004
          20           1
   5.1730465500000003E-002  -2.0136588852502038     
  0.10346093100000001        3.1713674887381291     
  0.20692186200000001       -4.5132020932686334     
  0.41384372400000002        3.7745676623515028     
  0.82768744800000005       -4.9061193406020811     
   1.6553748960000001        3.0313786450625928     
   3.3107497920000002       -3.2502317189779633     
   6.6214995840000004        1.6019555081444463     
   13.242999168000001       -2.5365250508177031     
   26.485998336000002        1.7118252969161785     
   52.971996672000003       -2.2411288847875519     
   105.94399334400001        1.3855432294940180     
   211.88798668800001       -1.5113856524994187     
   423.77597337600002        1.0259041105072897     
   847.55194675200005      -0.97216741481407398     
   1695.1038935040001       0.64025337786896275     
   3390.2077870080002      -0.49534589265599083     
   6780.4155740160004       0.21656769561075515     
   13560.831148032001       -7.0968983811020778E-002
   27121.662296064002       -3.8271697200255250E-002
  
  -2.5550639999999998      -0.68455100000000002        1.3700000000000000E-004
          20           1
   5.1730465500000003E-002  -2.0136588852502038     
  0.10346093100000001        3.1713674887381291     
  0.20692186200000001       -4.5132020932686334     
  0.41384372400000002        3.7745676623515028     
  0.82768744800000005       -4.9061193406020811     
   1.6553748960000001        3.0313786450625928     
   3.3107497920000002       -3.2502317189779633     
   6.6214995840000004        1.6019555081444463     
   13.242999168000001       -2.5365250508177031     
   26.485998336000002        1.7118252969161785     
   52.971996672000003       -2.2411288847875519     
   105.94399334400001        1.3855432294940180     
   211.88798668800001       -1.5113856524994187     
   423.77597337600002        1.0259041105072897     
   847.55194675200005      -0.97216741481407398     
   1695.1038935040001       0.64025337786896275     
   3390.2077870080002      -0.49534589265599083     
   6780.4155740160004       0.21656769561075515     
   13560.831148032001       -7.0968983811020778E-002
   27121.662296064002       -3.8271697200255250E-002
  
   1.2178640000000001        4.5456519999999996       -7.2800000000000002E-004
          12           1
   4.9919669900000005E-002  -1.3281356014053749     
   9.9839339800000010E-002   1.8539870183107376     
  0.19967867960000002       -2.2551580083723777     
  0.39935735920000004        2.1016236410525502     
  0.79871471840000008       -2.1050034920938643     
   1.5974294368000002        1.6531163397350721     
   3.1948588736000003       -1.4996051906826617     
   6.3897177472000006        1.1274046037491814     
   12.779435494400001      -0.85906469921235784     
   25.558870988800003       0.51200182972087649     
   51.117741977600005      -0.23682380914388249     
   102.23548395520001        4.0663027842682296E-002
  
   4.5456519999999996        1.2178640000000001       -7.2800000000000002E-004
          12           1
   4.9919669900000005E-002  -1.3281356014053749     
   9.9839339800000010E-002   1.8539870183107376     
  0.19967867960000002       -2.2551580083723777     
  0.39935735920000004        2.1016236410525502     
  0.79871471840000008       -2.1050034920938643     
   1.5974294368000002        1.6531163397350721     
   3.1948588736000003       -1.4996051906826617     
   6.3897177472000006        1.1274046037491814     
   12.779435494400001      -0.85906469921235784     
   25.558870988800003       0.51200182972087649     
   51.117741977600005      -0.23682380914388249     
   102.23548395520001        4.0663027842682296E-002
  
  -1.2180620000000000       -4.5453479999999997       -8.0199999999999998E-004
          12           1
   4.9919669900000005E-002  -1.3281356014053749     
   9.9839339800000010E-002   1.8539870183107376     
  0.19967867960000002       -2.2551580083723777     
  0.39935735920000004        2.1016236410525502     
  0.79871471840000008       -2.1050034920938643     
   1.5974294368000002        1.6531163397350721     
   3.1948588736000003       -1.4996051906826617     
   6.3897177472000006        1.1274046037491814     
   12.779435494400001      -0.85906469921235784     
   25.558870988800003       0.51200182972087649     
   51.117741977600005      -0.23682380914388249     
   102.23548395520001        4.0663027842682296E-002
  
  -4.5453479999999997       -1.2180620000000000       -8.0199999999999998E-004
          12           1
   4.9919669900000005E-002  -1.3281356014053749     
   9.9839339800000010E-002   1.8539870183107376     
  0.19967867960000002       -2.2551580083723777     
  0.39935735920000004        2.1016236410525502     
  0.79871471840000008       -2.1050034920938643     
   1.5974294368000002        1.6531163397350721     
   3.1948588736000003       -1.4996051906826617     
   6.3897177472000006        1.1274046037491814     
   12.779435494400001      -0.85906469921235784     
   25.558870988800003       0.51200182972087649     
   51.117741977600005      -0.23682380914388249     
   102.23548395520001        4.0663027842682296E-002
  
  -3.3277899999999998        3.3273560000000000        6.3900000000000003E-004
          12           1
   4.9919669900000005E-002  -1.3281356014053749     
   9.9839339800000010E-002   1.8539870183107376     
  0.19967867960000002       -2.2551580083723777     
  0.39935735920000004        2.1016236410525502     
  0.79871471840000008       -2.1050034920938643     
   1.5974294368000002        1.6531163397350721     
   3.1948588736000003       -1.4996051906826617     
   6.3897177472000006        1.1274046037491814     
   12.779435494400001      -0.85906469921235784     
   25.558870988800003       0.51200182972087649     
   51.117741977600005      -0.23682380914388249     
   102.23548395520001        4.0663027842682296E-002
  
   3.3273560000000000       -3.3277899999999998        6.3900000000000003E-004
          12           1
   4.9919669900000005E-002  -1.3281356014053749     
   9.9839339800000010E-002   1.8539870183107376     
  0.19967867960000002       -2.2551580083723777     
  0.39935735920000004        2.1016236410525502     
  0.79871471840000008       -2.1050034920938643     
   1.5974294368000002        1.6531163397350721     
   3.1948588736000003       -1.4996051906826617     
   6.3897177472000006        1.1274046037491814     
   12.779435494400001      -0.85906469921235784     
   25.558870988800003       0.51200182972087649     
   51.117741977600005      -0.23682380914388249     
   102.23548395520001        4.0663027842682296E-002
  
 TO USE THE STARTING POTENTIAL FEATURE, RENAME
 STRTS/STRTSP TO STPOTUP/STPOTDN AND RERUN
