  IT          TRACE                ETOT                 EKIN+ENONLOC          CHARGE              EDFT+SIC              LOWEST
   1       -136.901849069       -231.756112203        230.492903197         41.999998062       -231.756112203          0.000000000
   2       -129.392889601       -231.979042634        229.255309281         41.999998884       -231.979042634       -231.756112203
   3       -130.389750170       -232.012195009        229.862251170         41.999998982       -232.012195009       -231.979042634
   4       -131.954211676       -232.031888200        230.808047177         41.999999110       -232.031888200       -232.012195009
   5       -132.103422032       -232.032359499        230.916618498         41.999999123       -232.032359499       -232.031888200
   6       -132.040360293       -232.032418594        230.891549310         41.999999121       -232.032418594       -232.032359499
   7       -132.012689524       -232.032433180        230.880132350         41.999999123       -232.032433180       -232.032418594
   8       -132.025967924       -232.032435133        230.888742604         41.999999124       -232.032435133       -232.032433180
   9       -132.025139417       -232.032435232        230.888517713         41.999999125       -232.032435232       -232.032435133
  10       -132.024153616       -232.032435244        230.887995644         41.999999125       -232.032435244       -232.032435232
  IT          TRACE                ETOT                 EKIN+ENONLOC          CHARGE              EDFT+SIC              LOWEST
   1          0.000000000       -232.027196871        231.018522066         41.999999159       -232.027196871          0.000000000
   2       -132.065687741       -232.028325338        231.081335916         41.999999161       -232.028325338       -232.027196871
   3       -132.032648683       -232.028443193        231.055915638         41.999999158       -232.028443193       -232.028325338
   4       -131.993226459       -232.028520597        231.021022798         41.999999155       -232.028520597       -232.028443193
   5       -132.017545934       -232.028527194        231.021615982         41.999999156       -232.028527194       -232.028520597
   6       -132.019985533       -232.028527354        231.021202831         41.999999156       -232.028527354       -232.028527194
   7       -132.020480474       -232.028527411        231.020868682         41.999999156       -232.028527411       -232.028527354
  IT          TRACE                ETOT                 EKIN+ENONLOC          CHARGE              EDFT+SIC              LOWEST
   1          0.000000000       -232.031261129        230.900245130         41.999999080       -232.031261129          0.000000000
   2       -131.981734674       -232.032279774        230.838154443         41.999999074       -232.032279774       -232.031261129
   3       -132.011516858       -232.032377381        230.860996787         41.999999076       -232.032377381       -232.032279774
   4       -132.048424952       -232.032443304        230.893437448         41.999999079       -232.032443304       -232.032377381
   5       -132.026941352       -232.032448686        230.893252622         41.999999078       -232.032448686       -232.032443304
   6       -132.023965699       -232.032448833        230.893344776         41.999999078       -232.032448833       -232.032448686
   7       -132.023641050       -232.032448871        230.893698772         41.999999078       -232.032448871       -232.032448833
