          21          21
  -1.8113172745649171        1.6399099328587892      -0.21259506167419434     
 -0.28088827229868163        1.8339971920623048        4.4600403398437488E-002
  -2.5670826695367186        3.2256853095008791       0.73864648636311037     
  -2.0877714238324949        2.5036335721162111        2.7887057636464112     
  -2.0660532868342529       0.50750792426408686       0.38350287490773927     
   1.0138340470947997        3.0430256996974121      -0.21776410059565429     
   2.1150495514299559        1.1321494957549560      -0.16391631074492188     
   3.6234856403686280        1.4389164136298829       -1.2420533708402344     
   2.3972523102758787       0.97165668098286129       -2.5589556125263915     
   1.8037964146743652        2.0170918859204590       -1.1332230856372083E-002
   2.1842119386957277       -5.9473543778662097E-002  0.20309722685756837     
   1.3725715465768311       -1.9029301422812743       0.39927953524519044     
 -0.79683841973405767       -2.7452903875021728      -0.17321324864057616     
  -1.1655905132047364       -4.5958038101382570       0.62574244518901367     
  -6.1511451635229530E-002  -3.3566753439802732        3.4093821078841797     
  -1.6222907652023926       -1.7143890433043212       0.57840829701313479     
  0.65078792982043454       -1.9032358740702882        2.6870563188403307E-002
  -2.0555305669964601      -0.87756848731323245      -0.56854203849597162     
   1.4327114518151367        4.5246722970530522      -0.14450273366818847     
  -3.6585820907514650       -1.4250947758542969        4.6498804564501950E-002
   3.2090781735803224       -3.0123700100676269      -0.12865268035888672     
  -2.0954295874409423        2.1165246698108398      -0.23181390674699709     
  0.23731374001574712        2.7718741623952150      -0.33826127047919918     
  0.68602374660141607        4.3425140259480468       -1.0550177242274414     
   1.0860517209969727        2.4248981173212645       -1.7376808646741453     
 -0.56235327616298825        1.9283055860031983      -0.41816854441315920     
   1.7581555845148682        1.4898319513659424      -0.40816737735439451     
   2.2556733101336914       0.97392241681779790       0.23269240445837402     
   1.9723144313471435       -1.3820069824860108      -0.10801606489248047     
   2.3065587445557374      -0.88029258830388180       0.64874798112937015     
   2.5783281183606688       -2.8452550409446045       0.38937926716933591     
  0.18903801884145510       -2.6226758660565186      -0.19520760999699707     
   2.3453888595903809       -1.8212887966751707        2.7154939992259277     
 -0.98522771341357418       -2.2036283823033447      -0.22922807321599120     
  -2.0370040183985596      -0.87902784296511227       0.16062207149453125     
  -3.9515674953029540       -1.2111974902075195       0.50162537892512205     
  -2.4750218431282227       0.52803828986840817        4.1140249456127931E-002
  -2.0036030798001709       -1.2221603488475097       0.32582687914824215     
  -2.7484144202072023      -0.95496138723100588        3.7771655088630127     
   3.9621024982615971        1.1782868213251709       0.49624414961093749     
  -1.3408609583939941       -3.6715941855900391       0.10099209177185059     
  -3.1926096377816648        3.1018628509603272      -0.25259582533542480     
