           9           9
   0.00000000       0.00000000       0.00000000    
 -0.36100784020633503       0.75504716374652059       0.54733638635476478     
  0.87792676111028722       0.34900024421707310       0.32778564895801049     
 -0.65348304082388342      -0.66568443681530476       0.36031117931235662     
 -0.32013693069448607      -0.58505922688013989      -0.74512955024473881     
  0.18542139261400770      -0.31637927210182776       0.93033491998602291     
 -0.81684525198792024       0.38370619887242735      -0.43073586715255580     
  0.33089593705270975       0.72564811736388546      -0.60327662693681228     
  0.71222490758001655      -0.58189447919490001      -0.39259966391367801     
   0.00000000       0.00000000       0.00000000    
 -0.36100784020633503       0.75504716374652059       0.54733638635476478     
  0.87792676111028722       0.34900024421707310       0.32778564895801049     
 -0.65348304082388342      -0.66568443681530476       0.36031117931235662     
 -0.32013693069448607      -0.58505922688013989      -0.74512955024473881     
  0.18542139261400770      -0.31637927210182776       0.93033491998602291     
 -0.81684525198792024       0.38370619887242735      -0.43073586715255580     
  0.33089593705270975       0.72564811736388546      -0.60327662693681228     
  0.71222490758001655      -0.58189447919490001      -0.39259966391367801     
