     5    4        
        -0.0212270816        0.0000000202       -0.0518358456    
         1.8278014889        0.0000026760        0.1731927431    
        -1.3420823478        1.7034920690       -0.6239467736    
        -1.3420789988       -1.7034929343       -0.6239384138    
         0.4818955951        0.0000061619        1.7108173074    
         0.0020460913       -0.0000001282       -0.2249341072    
         2.0063736254       -0.0000078019       -0.0002757614    
        -1.0030772440        1.7380448889       -0.0002016936    
        -1.0030837747       -1.7380489776       -0.0002016295    

