   2          TOTAL NUMBER OF ATOM TYPES                                        
   6   6      ELECTRONIC AND NUCLEAR CHARGE                                     
ALL           ALL-ELECTRON ATOM TYPE                                            
   1          NUMBER OF ATOMS OF TYPE CAR                                       
 0.000041 -0.000000 -0.000000 UPO                                               
 0                                                                              
  12          NUMBER OF BARE GAUSSIANS                                          
   5   4   3  NUMBER OF S,P,D FUNCTIONS                                         
   0   0   1  SUPPLEMENTARY S,P,D FUNCTIONS                                     
       0.2221336090D+05       0.3331736980D+04       0.7579013460D+03           
       0.2145437190D+03       0.6992488940D+02       0.2508613490D+02           
       0.9591041750D+01       0.3802455710D+01       0.1489185420D+01           
       0.5748765300D+00       0.2149473200D+00       0.7720965000D-01           
                                                                                
       0.1979224900D+00       0.3699897740D+00       0.6364461530D+00           
       0.1012493110D+01       0.1448078710D+01       0.1717368870D+01           
       0.1493193200D+01       0.6898716060D+00       0.8607224650D-01           
      -0.1656669520D-02       0.3776603340D-03      -0.4710534310D-04           
                                                                                
      -0.4500525960D-01      -0.8462105180D-01      -0.1449656410D+00           
      -0.2353560110D+00      -0.3421536850D+00      -0.4459512370D+00           
      -0.4526397090D+00      -0.3221641360D+00      -0.1298841970D-01           
       0.2013547140D+00       0.1276991250D+00       0.1413546650D-01           
                                                                                
       0.0000000000D+00       0.0000000000D+00       0.0000000000D+00           
       0.0000000000D+00       0.0000000000D+00       0.0000000000D+00           
       0.0000000000D+00       0.0000000000D+00       0.0000000000D+00           
       0.1000000000D+01       0.0000000000D+00       0.0000000000D+00           
                                                                                
       0.0000000000D+00       0.0000000000D+00       0.0000000000D+00           
       0.0000000000D+00       0.0000000000D+00       0.0000000000D+00           
       0.0000000000D+00       0.0000000000D+00       0.0000000000D+00           
       0.0000000000D+00       0.1000000000D+01       0.0000000000D+00           
                                                                                
       0.0000000000D+00       0.0000000000D+00       0.0000000000D+00           
       0.0000000000D+00       0.0000000000D+00       0.0000000000D+00           
       0.0000000000D+00       0.0000000000D+00       0.0000000000D+00           
       0.0000000000D+00       0.0000000000D+00       0.1000000000D+01           
                                                                                
       0.2313862990D-01       0.4264913270D-01       0.7465885120D-01           
       0.1202411540D+00       0.1835117630D+00       0.2470680430D+00           
       0.3071421870D+00       0.3137270600D+00       0.2672633980D+00           
       0.1475658550D+00       0.4758557640D-01       0.7279645930D-02           
                                                                                
       0.0000000000D+00       0.0000000000D+00       0.0000000000D+00           
       0.0000000000D+00       0.0000000000D+00       0.0000000000D+00           
       0.0000000000D+00       0.0000000000D+00       0.0000000000D+00           
       0.1000000000D+01       0.0000000000D+00       0.0000000000D+00           
                                                                                
       0.0000000000D+00       0.0000000000D+00       0.0000000000D+00           
       0.0000000000D+00       0.0000000000D+00       0.0000000000D+00           
       0.0000000000D+00       0.0000000000D+00       0.0000000000D+00           
       0.0000000000D+00       0.1000000000D+01       0.0000000000D+00           
                                                                                
       0.0000000000D+00       0.0000000000D+00       0.0000000000D+00           
       0.0000000000D+00       0.0000000000D+00       0.0000000000D+00           
       0.0000000000D+00       0.0000000000D+00       0.0000000000D+00           
       0.0000000000D+00       0.0000000000D+00       0.1000000000D+01           
                                                                                
       0.0000000000D+00       0.0000000000D+00       0.0000000000D+00           
       0.0000000000D+00       0.0000000000D+00       0.0000000000D+00           
       0.0000000000D+00       0.0000000000D+00       0.1000000000D+01           
       0.0000000000D+00       0.0000000000D+00       0.0000000000D+00           
                                                                                
       0.0000000000D+00       0.0000000000D+00       0.0000000000D+00           
       0.0000000000D+00       0.0000000000D+00       0.0000000000D+00           
       0.0000000000D+00       0.0000000000D+00       0.0000000000D+00           
       0.1000000000D+01       0.0000000000D+00       0.0000000000D+00           
                                                                                
       0.0000000000D+00       0.0000000000D+00       0.0000000000D+00           
       0.0000000000D+00       0.0000000000D+00       0.0000000000D+00           
       0.0000000000D+00       0.0000000000D+00       0.0000000000D+00           
       0.0000000000D+00       0.1000000000D+01       0.0000000000D+00           
                                                                                
       0.0000000000D+00       0.0000000000D+00       0.0000000000D+00           
       0.0000000000D+00       0.0000000000D+00       0.0000000000D+00           
       0.0000000000D+00       0.0000000000D+00       0.0000000000D+00           
       0.0000000000D+00       0.0000000000D+00       0.1000000000D+01           
                                                                                
   1   1      ELECTRONIC AND NUCLEAR CHARGE                                     
ALL           ALL-ELECTRON ATOM TYPE                                            
   3          NUMBER OF ATOMS OF TYPE HYD                                       
 2.058045 -0.000000 -0.000000 UPO                                               
 -1.029022 1.782515 -0.000000 UPO                                               
 -1.029022 -1.782515 -0.000000 UPO                                              
 0                                                                              
   6          NUMBER OF BARE GAUSSIANS                                          
   4   3   1  NUMBER OF S,P,D FUNCTIONS                                         
   0   1   1  SUPPLEMENTARY S,P,D FUNCTIONS                                     
       0.7784080190D+02       0.1153441740D+02       0.2613858140D+01           
       0.7321663300D+00       0.2283819000D+00       0.7450697000D-01           
                                                                                
       0.3765677010D-01       0.7036322570D-01       0.1131455390D+00           
       0.1393935110D+00       0.1091635820D+00       0.3585699350D-01           
                                                                                
       0.0000000000D+00       0.0000000000D+00       0.0000000000D+00           
       0.1000000000D+01       0.0000000000D+00       0.0000000000D+00           
                                                                                
       0.0000000000D+00       0.0000000000D+00       0.0000000000D+00           
       0.0000000000D+00       0.1000000000D+01       0.0000000000D+00           
                                                                                
       0.0000000000D+00       0.0000000000D+00       0.0000000000D+00           
       0.0000000000D+00       0.0000000000D+00       0.1000000000D+01           
                                                                                
       0.0000000000D+00       0.0000000000D+00       0.1000000000D+01           
       0.0000000000D+00       0.0000000000D+00       0.0000000000D+00           
                                                                                
       0.0000000000D+00       0.0000000000D+00       0.0000000000D+00           
       0.1000000000D+01       0.0000000000D+00       0.0000000000D+00           
                                                                                
       0.0000000000D+00       0.0000000000D+00       0.0000000000D+00           
       0.0000000000D+00       0.1000000000D+01       0.0000000000D+00           
                                                                                
       0.0000000000D+00       0.0000000000D+00       0.0000000000D+00           
       0.0000000000D+00       0.0000000000D+00       0.1000000000D+01           
                                                                                
       0.0000000000D+00       0.0000000000D+00       0.0000000000D+00           
       0.1000000000D+01       0.0000000000D+00       0.0000000000D+00           
                                                                                
       0.0000000000D+00       0.0000000000D+00       0.0000000000D+00           
       0.0000000000D+00       0.1000000000D+01       0.0000000000D+00           
                                                                                
 5.00000 -4.00000                                                               
WFOUT                                                                           
     2     SPIN
     9     NUMBER OF OCCUPIED ORBITALS, EVALUES:
  -9.80272246787     -0.614954103771     -0.378281091136    
 -0.378272701492     -0.197477372388      -9.78770425742    
 -0.584278446084     -0.363779670133     -0.363772174931    
     1     NUMBER OF REPRESENTATIONS
     5    92
   1.00000000000       1.00000000000       1.00000000000    
   1.00000000000       1.00000000000    
  
   1.00433288859      0.191468708083E-01 -0.343286976334E-02
 -0.976445482028E-04  0.739382127549E-04  0.636857480927E-07
  0.512278117919E-09 -0.148802707754E-11 -0.390893117789E-07
 -0.189316266329E-09  0.381977879515E-12  0.135419404358E-09
 -0.203136198414E-10  0.375246057579E-13  0.317122777224E-08
 -0.577655946688E-11  0.130589456167E-13 -0.432085495481E-02
 -0.432115747500E-02 -0.249786670286E-02  0.120244605764E-10
  0.171231577989E-12  0.558747438073E-16 -0.182496651234E-02
 -0.182492265272E-02 -0.183174019873E-02  0.758087797796E-10
 -0.162361086461E-13 -0.749571585993E-17 -0.285813220442E-03
 -0.285822877918E-03 -0.282008911950E-03  0.879978200402E-11
  0.157575807605E-14 -0.824596623004E-18  0.286954566619E-03
  0.327186899673E-04  0.349210919500E-04 -0.627319190624E-04
  0.669885338637E-04  0.416512057426E-10 -0.394802406877E-13
 -0.366027595366E-03 -0.437476540623E-10 -0.516359269292E-14
  0.168252060713E-04 -0.478033419951E-11  0.402398545884E-14
  0.159784163689E-03 -0.692985096829E-04 -0.773241369029E-04
  0.672581884249E-10 -0.833452441837E-14  0.239430539746E-17
  0.286490641159E-03  0.326856453545E-04  0.349988263466E-04
 -0.627017303850E-04 -0.335112428410E-04  0.581011509459E-04
 -0.826928971109E-13  0.182935923117E-03 -0.316884696261E-03
  0.265852270883E-14 -0.840104030402E-05  0.145605485011E-04
  0.369176523707E-14 -0.120314027079E-04  0.102509129415E-03
 -0.773114258858E-04 -0.198368330394E-03 -0.276224638748E-14
 -0.272758624850E-14  0.286490568590E-03  0.326856064743E-04
  0.349988204563E-04 -0.627017349314E-04 -0.335112214748E-04
 -0.581010973417E-04 -0.826766446788E-13  0.182935873638E-03
  0.316884583093E-03  0.264993018256E-14 -0.840104125483E-05
 -0.145605590532E-04  0.369047117685E-14 -0.120314265912E-04
  0.102509061567E-03 -0.773114455751E-04  0.198368261386E-03
 -0.277295402180E-14  0.272545771498E-14
  
  0.124504223045E-01 -0.815912005155      0.199880482809E-01
  0.239767066649E-01  0.244717678854E-02 -0.117729407164E-03
  0.213679028550E-08 -0.576867271351E-10  0.397064835859E-05
  0.201137055107E-08  0.469925307146E-10  0.376604000176E-05
  0.169637310388E-08 -0.435600846488E-11  0.816410499797E-06
  0.148944597073E-09  0.652487972626E-12 -0.119314353913E-01
 -0.119234249333E-01 -0.206602102173E-02  0.100730040812E-07
 -0.296567098098E-11 -0.208000038367E-14  0.553594950226E-02
  0.553525955910E-02  0.186303180568E-02 -0.456950188462E-08
  0.129631701357E-10  0.158225304576E-14  0.190537376474E-02
  0.190597924589E-02  0.114431897641E-02 -0.125043958120E-08
 -0.302489760403E-11 -0.111400215416E-14 -0.418475732035    
  0.590050472651E-02  0.212745823939E-01  0.148447183583E-01
  0.128093712447E-01  0.201739681937E-08  0.253835369574E-09
  0.169401683975E-01  0.304759599350E-08 -0.247897009939E-10
  0.308951889339E-02  0.501116916931E-09  0.659205153006E-11
 -0.586645938305E-02  0.951943473698E-03  0.114138867743E-02
 -0.536647862097E-08  0.860236634778E-10  0.943564484967E-15
 -0.418311307024      0.589459316846E-02  0.212618692385E-01
  0.148390941973E-01 -0.640024305750E-02  0.110768757902E-01
  0.227247937165E-09 -0.846875065816E-02  0.146690852086E-01
 -0.270646755732E-10 -0.154484408310E-02  0.267493415024E-02
  0.408249403188E-11 -0.752726565451E-03 -0.416134275698E-02
  0.114056585377E-02  0.590470870832E-02 -0.180647052120E-11
  0.474635652154E-10 -0.418311303892      0.589459470438E-02
  0.212618743640E-01  0.148390946981E-01 -0.640024293554E-02
 -0.110768768539E-01  0.227247341213E-09 -0.846874988174E-02
 -0.146690814364E-01 -0.270665408098E-10 -0.154484350631E-02
 -0.267493231363E-02  0.408221626311E-11 -0.752726612524E-03
 -0.416134065168E-02  0.114056663904E-02 -0.590470694868E-02
 -0.180417547907E-11 -0.474629667853E-10
  
  0.192169714754E-05  0.600443976756E-04  0.266274374633E-05
  0.307398696070E-06  0.686087974181E-06  -1.25203222948    
  0.249510179655E-03 -0.280682727038E-10  0.869076852127E-02
 -0.172806389443E-05  0.312302623198E-10  0.164101475421E-01
 -0.326567019286E-05 -0.583041223279E-11  0.597389031872E-02
 -0.119004197483E-05  0.249847761323E-11 -0.204111720597E-01
  0.203970555694E-01  0.688001973232E-06 -0.811456373734E-05
 -0.624368176890E-10  0.406708287435E-14 -0.504830758138E-02
  0.504995825761E-02  0.145975517876E-05 -0.201791111528E-05
  0.132614164992E-09 -0.149108240655E-13 -0.117719329364E-02
  0.117814928734E-02  0.546698834321E-06 -0.471971460631E-06
 -0.204570123504E-10  0.316642991202E-14 -0.771418546758    
  0.772790670623E-02  0.341311967309E-01  0.217668167975E-01
  0.199857392805E-01  0.150581765616E-05  0.566598025098E-09
  0.134875246950E-01  0.184551656453E-05 -0.775611993042E-10
  0.123408906223E-02  0.551929017516E-06  0.314986893373E-10
 -0.340571862572E-02  0.267656402707E-02  0.181476050935E-02
 -0.111200046374E-05  0.208245022951E-09 -0.106276080830E-14
  0.385839199115     -0.386032863232E-02 -0.170686734508E-01
 -0.108865239933E-01 -0.662405924973E-03 -0.119112840185E-01
 -0.213758240178E-09 -0.354780908239E-02 -0.984212356215E-02
  0.390769740846E-10 -0.176475934044E-02 -0.173121592309E-02
 -0.140568000784E-10 -0.265250755621E-02  0.301855949150E-02
 -0.906769094884E-03 -0.239359217974E-03  0.452326521998E-11
 -0.579228488021E-10  0.385572950008     -0.385766261848E-02
 -0.170568833404E-01 -0.108790101191E-01 -0.667155382242E-03
  0.119060671724E-01 -0.213587361916E-09 -0.355172929150E-02
  0.983901522435E-02  0.390539027595E-10 -0.176544804334E-02
  0.173112674524E-02 -0.140476342432E-10 -0.265258629290E-02
  0.301838912905E-02 -0.906142031572E-03  0.236992353112E-03
  0.451966572841E-11  0.578863208929E-10
  
  0.160381029917E-08 -0.484150114762E-08  0.771762094990E-08
 -0.796050118603E-08 -0.127143698286E-08  0.249521972769E-03
   1.25197986880      0.158661984973E-13 -0.174156993727E-05
 -0.869075943900E-02 -0.618264608439E-14 -0.326671517949E-05
 -0.164078234436E-01  0.737834143882E-15 -0.119029506446E-05
 -0.597339074812E-02 -0.244401923723E-15  0.406424057370E-05
 -0.406613670457E-05 -0.635554019302E-08 -0.407868250189E-01
  0.124475238004E-13  0.224931625532E-10  0.100613674652E-05
 -0.993444886193E-06 -0.477080964986E-09 -0.100954294881E-01
 -0.267931573362E-13 -0.708795294150E-10  0.235344363246E-06
 -0.235625095894E-06  0.645634296982E-09 -0.235500270447E-02
  0.548771977635E-14  0.160416746683E-10  0.153741149162E-03
 -0.154008325854E-05 -0.680647275153E-05 -0.433808006215E-05
 -0.398172814339E-05  0.754748825505E-02 -0.112264470316E-12
 -0.268909944079E-05  0.923211153900E-02  0.154222796216E-13
 -0.244989773736E-06  0.276503185803E-02 -0.753430084803E-14
  0.680101720935E-06 -0.528211050218E-06 -0.363515311084E-06
 -0.553403882489E-02 -0.407477481438E-13 -0.888214812824E-11
  0.667938504199     -0.668310826533E-02 -0.295465611656E-01
 -0.188459092225E-01  0.119157757819E-01 -0.130809721768E-01
 -0.425461197731E-09  0.984007128783E-02 -0.781172346997E-02
  0.609458464051E-10  0.173200828276E-02 -0.233525281997E-03
 -0.234787355144E-10  0.198361129562E-03  0.435228545481E-03
 -0.157024120105E-02 -0.594723498073E-02  0.432719942637E-11
 -0.884330829564E-10 -0.668092243905      0.668463938811E-02
  0.295533724181E-01  0.188502477108E-01 -0.119155046445E-01
 -0.130857127688E-01  0.425546301278E-09 -0.983866813279E-02
 -0.781565920267E-02 -0.609650950747E-10 -0.173130361711E-02
 -0.234213734173E-03  0.234869999139E-10 -0.197311816373E-03
 -0.436439622703E-03  0.157060048422E-02 -0.594734237841E-02
 -0.432429928991E-11 -0.884536318983E-10
  
 -0.168394065144E-10  0.303300531318E-10 -0.129527673406E-09
 -0.311303626285E-09  0.338703003727E-09  0.749671613179E-10
 -0.100967110216E-13   1.56973810895      0.194502339192E-10
 -0.563686591539E-14  0.346053128160E-02 -0.439957341280E-10
  0.199199756822E-13  0.223930146799E-02  0.105606238598E-10
  0.277013283012E-14  0.231346498949E-02  0.671031116590E-10
  0.430269924907E-10  0.316064808249E-10  0.926964659379E-15
  0.160450961258E-05 -0.813906782831E-08 -0.170874897615E-10
 -0.197952860091E-10 -0.339361826057E-10  0.127551042407E-14
  0.872601611795E-06 -0.532297997067E-08 -0.723411104854E-10
 -0.609781978485E-10 -0.389310654446E-10 -0.538161212179E-14
  0.555419711860E-06  0.649292059427E-09 -0.184384398565E-09
 -0.523775176231E-10  0.313279080057E-09 -0.144524892293E-09
 -0.127987180949E-09 -0.410376012934E-15  0.138401805189E-01
  0.320157672567E-10  0.122587234484E-14  0.151588103478E-01
 -0.789846386687E-10 -0.202191724322E-14  0.469681996926E-02
 -0.724886733826E-10 -0.599311735515E-10 -0.144596607713E-10
  0.271467640234E-14 -0.634259195786E-02 -0.112951349680E-07
 -0.192228411229E-09 -0.257748916087E-10  0.190950788965E-09
 -0.761002995603E-10 -0.823638502124E-11 -0.984872185455E-10
  0.138410661667E-01 -0.862886534323E-11  0.288600999482E-10
  0.151563667166E-01  0.249629607005E-10 -0.501585111985E-10
  0.469747169831E-02 -0.349148228622E-10 -0.382214752592E-10
 -0.112931247013E-10  0.265247455353E-11  0.317138310375E-02
 -0.549417353886E-02 -0.192201440297E-09 -0.257749500136E-10
  0.190991268241E-09 -0.760938288228E-10 -0.823762530233E-11
  0.984865110105E-10  0.138410683216E-01 -0.862709947902E-11
 -0.288588978931E-10  0.151563643136E-01  0.249681936223E-10
  0.501689206752E-10  0.469747220208E-02 -0.349155113401E-10
 -0.382221210166E-10 -0.112918426879E-10 -0.265312618976E-11
  0.317138009564E-02  0.549416931350E-02
     4    92
   1.00000000000       1.00000000000       1.00000000000    
   1.00000000000    
  
   1.00255142525      0.737407649305E-02 -0.299248960535E-02
  0.182711676585E-03  0.183432926223E-03  0.851234441356E-07
  0.558642417426E-09 -0.301872534378E-11  0.165733715925E-06
 -0.185016425292E-09  0.588657697593E-12 -0.465645440047E-07
 -0.184599904026E-10  0.117162243764E-12  0.464175678083E-08
 -0.584659618323E-11  0.237241182457E-13  0.283362338073E-02
  0.283322424276E-02 -0.142054437221E-02  0.210161329703E-10
 -0.429565537398E-12  0.111222161065E-15 -0.520127910466E-03
 -0.520213770823E-03  0.381368280608E-04  0.647295610098E-10
  0.567006832885E-13 -0.975195316696E-17 -0.117395200845E-03
 -0.117377378474E-03 -0.175188242884E-03  0.672511725607E-11
 -0.401391284866E-14  0.201066466536E-17  0.731921191050E-03
  0.539656249105E-05 -0.198237559196E-03 -0.745567174352E-04
 -0.814743561729E-04  0.349802213708E-10 -0.112943444536E-13
 -0.217505475807E-03 -0.376433305285E-10 -0.882238764623E-14
  0.557908280928E-04 -0.423026191058E-11  0.459721891867E-14
  0.595825041122E-04  0.271842368966E-04  0.119381503648E-05
  0.581507477188E-10  0.705917712610E-14 -0.334069108913E-17
  0.731155056809E-03  0.552304409823E-05 -0.198192726103E-03
 -0.745111667189E-04  0.407222990173E-04 -0.705018603264E-04
 -0.407495942178E-13  0.108812127460E-03 -0.188464184067E-03
  0.696031181321E-14 -0.278972215656E-04  0.483190011870E-04
  0.163940948385E-14  0.353050655884E-04  0.515608011963E-04
  0.119101103001E-05 -0.281828702178E-04 -0.552308584493E-14
 -0.741303367952E-14  0.731154988356E-03  0.552301063748E-05
 -0.198192721567E-03 -0.745111703552E-04  0.407223152827E-04
  0.705019040276E-04 -0.407434613067E-13  0.108812085613E-03
  0.188464087442E-03  0.695600537244E-14 -0.278972208483E-04
 -0.483190078850E-04  0.164258181327E-14  0.353050445573E-04
  0.515607427829E-04  0.119099297110E-05  0.281828127184E-04
 -0.552723582408E-14  0.741164035966E-14
  
  0.123951440478E-01 -0.790356955891      0.207609644097E-01
  0.247815125803E-01  0.237578872865E-02 -0.125841132655E-03
  0.623528764240E-10 -0.332239715886E-10  0.544294632615E-05
  0.147415410469E-08  0.540392847943E-10  0.545297393718E-05
  0.141469016337E-08 -0.597248564491E-11  0.906815432838E-06
  0.139948833395E-09  0.715045557052E-12 -0.157892572835E-01
 -0.157803499416E-01  0.164767547121E-01  0.887551706120E-08
 -0.129625753931E-11 -0.203061832602E-14  0.280856343721E-02
  0.280661642112E-02  0.858742750021E-02 -0.391426798127E-08
  0.155829312294E-10  0.140352391901E-14  0.111432483517E-02
  0.111453548713E-02  0.182091672158E-02 -0.108404062791E-08
 -0.334754465514E-11 -0.106313655689E-14 -0.438915072186    
  0.531785322122E-02  0.222725181922E-01  0.152449343825E-01
  0.126880150047E-01  0.193910192661E-08  0.278772293621E-09
  0.170236472950E-01  0.253941880355E-08 -0.266147116648E-10
  0.288987500635E-02  0.427333918277E-09  0.798059602611E-11
 -0.603267284955E-02  0.630887444784E-03  0.119119605740E-02
 -0.461633700336E-08  0.937167945172E-10  0.940778790867E-15
 -0.438743433227      0.531286730111E-02  0.222618811406E-01
  0.152392624358E-01 -0.633977038935E-02  0.109717273993E-01
  0.246475983454E-09 -0.850961720236E-02  0.147398764931E-01
 -0.289961382314E-10 -0.144465600653E-02  0.250131790891E-02
  0.476212824133E-11 -0.103470979298E-02 -0.436541465472E-02
  0.119033443051E-02  0.576988472871E-02 -0.185881763619E-11
  0.510688529642E-10 -0.438743428968      0.531286853173E-02
  0.222618853456E-01  0.152392628131E-01 -0.633977017197E-02
 -0.109717281790E-01  0.246475337482E-09 -0.850961665633E-02
 -0.147398734063E-01 -0.289980399134E-10 -0.144465554695E-02
 -0.250131636497E-02  0.476209785030E-11 -0.103470989476E-02
 -0.436541293348E-02  0.119033510142E-02 -0.576988335477E-02
 -0.185628187580E-11 -0.510680585384E-10
  
  0.156695143859E-05  0.577817610573E-04  0.646494000225E-05
  0.578622425731E-05  0.297036714586E-06  -1.22126135925    
  0.227054298998E-03 -0.198821624280E-10  0.237219596223E-01
 -0.440584936210E-05  0.335318288896E-10  0.340451151041E-01
 -0.632522422208E-05 -0.683225068501E-11  0.615032286566E-02
 -0.114305522148E-05  0.274324423856E-11 -0.224898078666E-01
  0.224791295913E-01 -0.942688419895E-06 -0.834493433531E-05
 -0.611028591809E-10  0.400135325684E-14  0.255384084830E-02
 -0.254857502491E-02  0.107877506409E-05  0.942876040956E-06
  0.142267654670E-09 -0.150023397703E-13  0.145905853174E-02
 -0.145704069024E-02  0.554813003642E-06  0.539718373918E-06
 -0.218778732007E-10  0.302672706409E-14 -0.787904129560    
 -0.749457693757E-03  0.137682373335E-01  0.205780838321E-01
  0.149616341337E-01  0.142529669066E-05  0.600675988139E-09
  0.268821009841E-01  0.154484703527E-05 -0.798192530459E-10
  0.701458710998E-02  0.497974550197E-06  0.345620746476E-10
 -0.111786244895E-01  0.126562015880E-02  0.141274167777E-02
 -0.887170004936E-06  0.220252182883E-09 -0.958201895969E-15
  0.394085663894      0.377830957308E-03 -0.688830762481E-02
 -0.102918212919E-01 -0.200172257635E-02 -0.978239249423E-02
 -0.226962966547E-09  0.512901623778E-03 -0.152311363581E-01
  0.415395788032E-10 -0.251556146908E-03 -0.419493731313E-02
 -0.152422627683E-10 -0.849211746941E-03  0.580797350191E-02
 -0.705429614939E-03 -0.334397473738E-02  0.477429075156E-11
 -0.615373961851E-10  0.393831958139      0.377589859848E-03
 -0.688386368522E-02 -0.102851941409E-01 -0.200536221953E-02
  0.977893739984E-02 -0.226795070883E-09  0.507241422464E-03
  0.152244135914E-01  0.415168995186E-10 -0.253114555631E-03
  0.419323370406E-02 -0.152332393059E-10 -0.850186625127E-03
  0.580575878319E-02 -0.704974130520E-03  0.334006766266E-02
  0.477034796528E-11  0.615013431155E-10
  
  0.146402866780E-08 -0.538635455388E-08  0.614312336082E-08
 -0.795164664346E-08 -0.106837579389E-08  0.227066198817E-03
   1.22120295295      0.106484796795E-13 -0.441885306212E-05
 -0.237153939472E-01 -0.818037308396E-14 -0.632657363006E-05
 -0.340407074939E-01  0.149998067715E-14 -0.114328117175E-05
 -0.614988250226E-02 -0.448331244617E-15  0.417821972287E-05
 -0.418041745135E-05 -0.517968998344E-08 -0.449487107449E-01
  0.134449692642E-13  0.198452314969E-10 -0.474742453215E-06
  0.485269254885E-06 -0.304230611728E-09  0.510011316911E-02
 -0.267315038240E-13 -0.775145649571E-10 -0.270613931513E-06
  0.270172133876E-06  0.560387563762E-09  0.291570061136E-02
  0.524829592745E-14  0.168650651309E-10  0.146494284227E-03
  0.139298257177E-06 -0.256378033238E-05 -0.382609079200E-05
 -0.278061932791E-05  0.765718740265E-02 -0.111366835145E-12
 -0.499898483565E-05  0.828257013701E-02  0.147720008044E-13
 -0.130333495008E-05  0.267425394217E-02 -0.746049562386E-14
  0.207954764222E-05 -0.230687659893E-06 -0.264297838772E-06
 -0.472818271926E-02 -0.404372361776E-13 -0.904541693270E-11
  0.682227840911      0.652947687660E-03 -0.119206273170E-01
 -0.178167780513E-01  0.978817026802E-02 -0.928493837320E-02
 -0.448367284741E-09  0.152252726134E-01 -0.180907218875E-01
  0.643403783168E-10  0.419456917871E-02 -0.459035267473E-02
 -0.252904013571E-10  0.262205676901E-02  0.596282928675E-02
 -0.122211029709E-02 -0.105149792972E-01  0.538671500720E-11
 -0.934231375475E-10 -0.682374339852     -0.653094280514E-03
  0.119231970616E-01  0.178206046006E-01 -0.978741983614E-02
 -0.928857007817E-02  0.448451170344E-09 -0.152254726246E-01
 -0.180963962203E-01 -0.643592265724E-10 -0.419447435503E-02
 -0.459191089093E-02  0.252987802776E-10 -0.262174781002E-02
 -0.596499559922E-02  0.122237075477E-02 -0.105162330055E-01
 -0.538315588243E-11 -0.934432123592E-10
