  IT          TRACE                ETOT                 EKIN+ENONLOC          CHARGE              EDFT+SIC              LOWEST
   1        -23.577732522        -39.398769112         39.610692274          8.999999088        -39.398769112          0.000000000
   2        -22.016741390        -39.433769833         38.714632369          8.999999143        -39.433769833        -39.398769112
   3        -22.172547259        -39.439741537         38.872564179          8.999999163        -39.439741537        -39.433769833
   4        -22.459136764        -39.443757828         39.158229635          8.999999193        -39.443757828        -39.439741537
   5        -22.473042546        -39.443790937         39.163238740          8.999999191        -39.443790937        -39.443757828
   6        -22.480929424        -39.443807159         39.162039294          8.999999189        -39.443807159        -39.443790937
   7        -22.478989562        -39.443808515         39.162163219          8.999999189        -39.443808515        -39.443807159
   8        -22.479160198        -39.443808590         39.162385788          8.999999189        -39.443808590        -39.443808515
   9        -22.479145081        -39.443808626         39.162425500          8.999999189        -39.443808626        -39.443808590
  IT          TRACE                ETOT                 EKIN+ENONLOC          CHARGE              EDFT+SIC              LOWEST
   1          0.000000000        -39.443064433         39.076410042          8.999999291        -39.443064433          0.000000000
   2        -22.409930932        -39.443360524         39.001612681          8.999999320        -39.443360524        -39.443064433
   3        -22.425153726        -39.443407226         39.015434883          8.999999318        -39.443407226        -39.443360524
   4        -22.453982276        -39.443441072         39.040408041          8.999999315        -39.443441072        -39.443407226
   5        -22.458841728        -39.443442943         39.040543982          8.999999314        -39.443442943        -39.443441072
   6        -22.459187012        -39.443442964         39.040473866          8.999999314        -39.443442964        -39.443442943
   7        -22.459113329        -39.443442967         39.040545560          8.999999314        -39.443442967        -39.443442964
  IT          TRACE                ETOT                 EKIN+ENONLOC          CHARGE              EDFT+SIC              LOWEST
   1          0.000000000        -39.443938101         39.091345830          8.999999247        -39.443938101          0.000000000
   2        -22.503133592        -39.444041376         39.139728170          8.999999236        -39.444041376        -39.443938101
   3        -22.493186460        -39.444061338         39.130657750          8.999999235        -39.444061338        -39.444041376
   4        -22.474274912        -39.444075961         39.114090626          8.999999234        -39.444075961        -39.444061338
   5        -22.471623295        -39.444076622         39.114104648          8.999999235        -39.444076622        -39.444075961
   6        -22.471242285        -39.444076635         39.114063379          8.999999235        -39.444076635        -39.444076622
