     4 0.02 0.005      5.000000     4.000000  NAT,DX,DE,EUP,EDN
 300.0 0.0  1 6.0                             TEMP,WAVL,IBROAD,FWHM
            12.011150             1.007970             1.007970
             1.007970
                 -39.4440766353     3 Energy and Symbol NCALC
           0.00004100          -0.00000000          -0.00000000   6   6
  -0.573300902159D-04  -0.220476583507D-07  -0.882151174240D-10
           2.05804500          -0.00000000          -0.00000000   1   1
   0.564655923490D-04  -0.130442752871D-07  -0.283784136332D-09
          -1.02902200           1.78251500          -0.00000000   1   1
   0.884625114414D-05   0.459404668251D-04  -0.474128047479D-09
          -1.02902200          -1.78251500          -0.00000000   1   1
   0.884494847748D-05  -0.459402591048D-04  -0.474085237388D-09
  -0.382494764928D-05  -0.144042160422D-07  -0.115620354334D-08
   0.000000000000D+00   0.000000000000D+00   0.000000000000D+00
