    15   11       15   11
         0.0076454191       -0.0005777765        0.0030568781    1   1
         0.1792947882        0.0262872774       -0.0999439613    1   2
        -0.1303342521       -0.1903598607       -0.1039480022    1   3
        -0.1327858458        0.2119609493       -0.0033031350    1   4
         0.0525853047       -0.0476032660        0.1932021763    1   5
        -0.3006831648       -0.4586917239       -0.2404090261    1   6
         0.1077935479       -0.7644340417        0.4798840060    1   7
         0.8467560359       -0.0765823396        0.3346061981    1   8
         0.5340107581       -0.5043132062       -0.5291975320    1   9
        -0.4438242305        0.2320339955       -0.9689869333    1  10
         0.5405789771        0.7103683464       -0.2388495640    1  11
         0.1116622429        0.4612213579        0.8258884865    1  12
        -0.9473348157       -0.0933925930        0.3357632449    1  13
        -0.3061187097        0.5228977567        0.0062777278    1  14
         1.1442805114        1.8276080956       -8.2810152322    1  15
  
  
        -0.0007747574       -0.0005236760       -0.0008393904    1   1
         0.1344359939        0.0925994981       -0.1663373549    1   2
        -0.1162780287       -0.1669026391       -0.1013945999    1   3
        -0.1414113655        0.1581919082        0.0968225615    1   4
         0.1336598197       -0.0783281703        0.1772096959    1   5
        -0.2565485060        0.6166554959       -0.4178456843    1   6
         0.4345817430       -0.6584832939       -0.4118511616    1   7
        -0.1694734907       -0.0516188091        0.7671744884    1   8
         0.8024493889        0.4630483690        0.1973454935    1   9
        -0.6748981055       -0.3499141437       -0.1435006619    1  10
        -2.7947702301       -1.5269166870       -8.7586973473    1  11
  
  
