     5    5        5    5
         0.0000054877       -0.0000079158        0.0000204228    1   1
        -0.2198521992       -0.3701882107       -0.9900768766    1   2
         0.9543260383        0.5048075311       -0.0068379090    1   3
        -0.7700215147        0.6931075483        0.3038544524    1   4
         0.0354007739       -0.8275054267        0.6925729475    1   5
  
  
        -0.0000071198        0.0000088621       -0.0000168600    1   1
         0.2197543864        0.3705315810        0.9899722575    1   2
         0.7697592927       -0.6933599830       -0.3039930201    1   3
        -0.9541490946       -0.5051333809        0.0068184828    1   4
        -0.0352133765        0.8277379990       -0.6923088207    1   5
  
  
