   1          TOTAL NUMBER OF ATOM TYPES                                        
  26  26      ELECTRONIC AND NUCLEAR CHARGE                                     
ALL           ALL-ELECTRON ATOM TYPE                                            
   1          NUMBER OF ATOMS OF TYPE IRO                                       
 0.000000 0.000000 0.000000 UPO                                                 
 0                                                                              
  20          NUMBER OF BARE GAUSSIANS                                          
   7   5   4  NUMBER OF S,P,D FUNCTIONS                                         
   0   0   1  SUPPLEMENTARY S,P,D FUNCTIONS                                     
       0.3866748510D+07       0.5625908130D+06       0.1264034380D+06           
       0.3557064610D+05       0.1156266150D+05       0.4165626110D+04           
       0.1622887130D+04       0.6726111320D+03       0.2931464730D+03           
       0.1330127180D+03       0.6235847340D+02       0.2978061390D+02           
       0.1448901560D+02       0.7138020790D+01       0.3463239930D+01           
       0.1623349780D+01       0.7360419700D+00       0.3111933300D+00           
       0.1204976700D+00       0.4517902000D-01                                  
                                                                                
       0.6274111520D+00       0.1184420730D+01       0.2055270520D+01           
       0.3365933730D+01       0.5256254630D+01       0.7820089720D+01           
       0.1089699530D+02       0.1362176020D+02       0.1402632860D+02           
       0.1006378230D+02       0.3693842470D+01       0.3878271930D+00           
       0.3610414650D-02      -0.8619671550D-03       0.4568646590D-03           
      -0.1642829690D-03       0.4802543110D-04      -0.1130245650D-04           
       0.2135123200D-05      -0.2728065210D-06                                  
                                                                                
      -0.1891698540D+00      -0.3571248390D+00      -0.6200594810D+00           
      -0.1016855980D+01      -0.1595182580D+01      -0.2400053210D+01           
      -0.3439477700D+01      -0.4579386970D+01      -0.5394221720D+01           
      -0.5025820900D+01      -0.2645218340D+01       0.9220413340D+00           
       0.2716137170D+01       0.1443055190D+01       0.1718150910D+00           
      -0.7159117310D-03       0.3837553140D-03      -0.7038043130D-04           
       0.1182588340D-04      -0.1446943330D-05                                  
                                                                                
       0.7205747840D-01       0.1360478450D+00       0.2361956060D+00           
       0.3874801620D+00       0.6080324240D+00       0.9162965170D+00           
       0.1316981580D+01       0.1767347750D+01       0.2114916500D+01           
       0.2039449800D+01       0.1145248990D+01      -0.4628456010D+00           
      -0.1739001490D+01      -0.1341312820D+01       0.2309793470D+00           
       0.7013511770D+00       0.2437540560D+00       0.1121598440D-01           
      -0.2920970250D-04      -0.7663986370D-05                                  
                                                                                
      -0.1847844440D-01      -0.3488855360D-01      -0.6057029950D-01           
      -0.9936990280D-01      -0.1559367150D+00      -0.2350395030D+00           
      -0.3379397930D+00      -0.4539367250D+00      -0.5442451120D+00           
      -0.5270506940D+00      -0.2983133910D+00       0.1222495960D+00           
       0.4762803890D+00       0.3877913290D+00      -0.7599264400D-01           
      -0.2800361180D+00      -0.1631457460D+00       0.1940118040D-01           
       0.9825710450D-01       0.3092002780D-01                                  
                                                                                
       0.0000000000D+00       0.0000000000D+00       0.0000000000D+00           
       0.0000000000D+00       0.0000000000D+00       0.0000000000D+00           
       0.0000000000D+00       0.0000000000D+00       0.0000000000D+00           
       0.0000000000D+00       0.0000000000D+00       0.0000000000D+00           
       0.0000000000D+00       0.0000000000D+00       0.0000000000D+00           
       0.0000000000D+00       0.0000000000D+00       0.1000000000D+01           
       0.0000000000D+00       0.0000000000D+00                                  
                                                                                
       0.0000000000D+00       0.0000000000D+00       0.0000000000D+00           
       0.0000000000D+00       0.0000000000D+00       0.0000000000D+00           
       0.0000000000D+00       0.0000000000D+00       0.0000000000D+00           
       0.0000000000D+00       0.0000000000D+00       0.0000000000D+00           
       0.0000000000D+00       0.0000000000D+00       0.0000000000D+00           
       0.0000000000D+00       0.0000000000D+00       0.0000000000D+00           
       0.1000000000D+01       0.0000000000D+00                                  
                                                                                
       0.0000000000D+00       0.0000000000D+00       0.0000000000D+00           
       0.0000000000D+00       0.0000000000D+00       0.0000000000D+00           
       0.0000000000D+00       0.0000000000D+00       0.0000000000D+00           
       0.0000000000D+00       0.0000000000D+00       0.0000000000D+00           
       0.0000000000D+00       0.0000000000D+00       0.0000000000D+00           
       0.0000000000D+00       0.0000000000D+00       0.0000000000D+00           
       0.0000000000D+00       0.1000000000D+01                                  
                                                                                
       0.6276665270D+00       0.1194797980D+01       0.2076892630D+01           
       0.3406418410D+01       0.5361887690D+01       0.8124068190D+01           
       0.1185701170D+02       0.1642890220D+02       0.2129503330D+02           
       0.2459109600D+02       0.2408158000D+02       0.1779168830D+02           
       0.8526848960D+01       0.2067682220D+01       0.1511848920D+00           
       0.1644207130D-03       0.1100552180D-03      -0.1366557460D-04           
       0.1519752610D-05      -0.1283153940D-06                                  
                                                                                
      -0.2405681320D+00      -0.4363426920D+00      -0.7856940080D+00           
      -0.1256701660D+01      -0.2015735670D+01      -0.3014832510D+01           
      -0.4455737300D+01      -0.6151518490D+01      -0.8106441200D+01           
      -0.9496625840D+01      -0.9692138540D+01      -0.7543909820D+01           
      -0.3762975550D+01      -0.1832166500D+00       0.1210839580D+01           
       0.7285004160D+00       0.1677273710D+00       0.9573783170D-02           
      -0.7881434610D-04       0.7229950470D-05                                  
                                                                                
       0.0000000000D+00       0.0000000000D+00       0.0000000000D+00           
       0.0000000000D+00       0.0000000000D+00       0.0000000000D+00           
       0.0000000000D+00       0.0000000000D+00       0.0000000000D+00           
       0.0000000000D+00       0.0000000000D+00       0.0000000000D+00           
       0.0000000000D+00       0.0000000000D+00       0.0000000000D+00           
       0.0000000000D+00       0.0000000000D+00       0.1000000000D+01           
       0.0000000000D+00       0.0000000000D+00                                  
                                                                                
       0.0000000000D+00       0.0000000000D+00       0.0000000000D+00           
       0.0000000000D+00       0.0000000000D+00       0.0000000000D+00           
       0.0000000000D+00       0.0000000000D+00       0.0000000000D+00           
       0.0000000000D+00       0.0000000000D+00       0.0000000000D+00           
       0.0000000000D+00       0.0000000000D+00       0.0000000000D+00           
       0.0000000000D+00       0.0000000000D+00       0.0000000000D+00           
       0.1000000000D+01       0.0000000000D+00                                  
                                                                                
       0.0000000000D+00       0.0000000000D+00       0.0000000000D+00           
       0.0000000000D+00       0.0000000000D+00       0.0000000000D+00           
       0.0000000000D+00       0.0000000000D+00       0.0000000000D+00           
       0.0000000000D+00       0.0000000000D+00       0.0000000000D+00           
       0.0000000000D+00       0.0000000000D+00       0.0000000000D+00           
       0.0000000000D+00       0.0000000000D+00       0.0000000000D+00           
       0.0000000000D+00       0.1000000000D+01                                  
                                                                                
      -0.2605513910D+01       0.2141628320D+01      -0.8771971660D+00           
       0.1550771430D+01       0.4286918370D+00       0.2048092180D+01           
       0.2021811310D+01       0.3562932490D+01       0.4289084230D+01           
       0.5718621650D+01       0.6293737610D+01       0.6348103620D+01           
       0.5091475290D+01       0.3424761550D+01       0.1658411600D+01           
       0.5361340730D+00       0.1254439580D+00       0.1991628350D-01           
       0.1451971330D-02       0.1748682740D-04                                  
                                                                                
       0.0000000000D+00       0.0000000000D+00       0.0000000000D+00           
       0.0000000000D+00       0.0000000000D+00       0.0000000000D+00           
       0.0000000000D+00       0.0000000000D+00       0.0000000000D+00           
       0.0000000000D+00       0.0000000000D+00       0.0000000000D+00           
       0.0000000000D+00       0.0000000000D+00       0.0000000000D+00           
       0.0000000000D+00       0.1000000000D+01       0.0000000000D+00           
       0.0000000000D+00       0.0000000000D+00                                  
                                                                                
       0.0000000000D+00       0.0000000000D+00       0.0000000000D+00           
       0.0000000000D+00       0.0000000000D+00       0.0000000000D+00           
       0.0000000000D+00       0.0000000000D+00       0.0000000000D+00           
       0.0000000000D+00       0.0000000000D+00       0.0000000000D+00           
       0.0000000000D+00       0.0000000000D+00       0.0000000000D+00           
       0.0000000000D+00       0.0000000000D+00       0.1000000000D+01           
       0.0000000000D+00       0.0000000000D+00                                  
                                                                                
       0.0000000000D+00       0.0000000000D+00       0.0000000000D+00           
       0.0000000000D+00       0.0000000000D+00       0.0000000000D+00           
       0.0000000000D+00       0.0000000000D+00       0.0000000000D+00           
       0.0000000000D+00       0.0000000000D+00       0.0000000000D+00           
       0.0000000000D+00       0.0000000000D+00       0.0000000000D+00           
       0.0000000000D+00       0.0000000000D+00       0.0000000000D+00           
       0.1000000000D+01       0.0000000000D+00                                  
                                                                                
       0.0000000000D+00       0.0000000000D+00       0.0000000000D+00           
       0.0000000000D+00       0.0000000000D+00       0.0000000000D+00           
       0.0000000000D+00       0.0000000000D+00       0.0000000000D+00           
       0.0000000000D+00       0.0000000000D+00       0.0000000000D+00           
       0.0000000000D+00       0.0000000000D+00       0.0000000000D+00           
       0.0000000000D+00       0.0000000000D+00       0.0000000000D+00           
       0.0000000000D+00       0.1000000000D+01                                  
                                                                                
 15.000000 11.000000                                                            
WFOUT                                                                           
     2     SPIN
    27     NUMBER OF OCCUPIED ORBITALS, EVALUES:
  -254.111257395      -29.4682236740      -25.4526532378    
  -25.4487961651      -25.4462035326      -3.31351180321    
  -2.14730039913      -2.14286383348      -2.13599888157    
 -0.269756817803     -0.266775530183     -0.265249120046    
 -0.250421220843     -0.240489965739     -0.191219336528    
  -254.109260993      -29.4043194215      -25.4025694082    
  -25.3993656735      -25.3980784869      -3.18370929734    
  -2.01729040553      -2.01539128767      -2.01173317356    
 -0.156257227047     -0.152490682362     -0.152187733571    
     1     NUMBER OF REPRESENTATIONS
    15    46
   1.00000000000       1.00000000000       1.00000000000    
   1.00000000000       1.00000000000       1.00000000000    
   1.00000000000       1.00000000000       1.00000000000    
   1.00000000000       1.00000000000       1.00000000000    
   1.00000000000       1.00000000000       1.00000000000    
  
  0.999993142305     -0.113196011855E-03 -0.103525332042E-03
  0.354587571531E-03  0.167595663736E-04 -0.325856285752E-04
 -0.109752177093E-04  0.339219236903E-16  0.399171712243E-16
  0.408550361370E-17 -0.353149695139E-16 -0.174464366236E-16
  0.865273575644E-18  0.570469756654E-17  0.236415233018E-17
 -0.127437192801E-18 -0.107937627905E-17 -0.414840272840E-18
  0.100598555301E-19  0.108234585470E-18  0.400793453375E-19
 -0.643617836846E-21  0.391234482484E-03  0.391711854504E-03
  0.389788522142E-03  0.115812342748E-06 -0.136721011622E-05
  0.475807003957E-06 -0.545550877918E-04 -0.547234789661E-04
 -0.540071920511E-04 -0.462325830640E-07  0.517532527833E-06
 -0.176342973087E-06 -0.105753961046E-04 -0.105698657805E-04
 -0.105990480686E-04  0.232286388436E-08 -0.222683421175E-07
  0.706303209050E-08 -0.698278164926E-06 -0.699983425992E-06
 -0.692625937235E-06 -0.482947392755E-09  0.533765644591E-08
 -0.180911641076E-08
  
  0.220837230280E-03  0.999614761534     -0.457850129746E-03
 -0.322760484577E-03 -0.295249386348E-02 -0.989611518142E-03
 -0.286162831929E-04 -0.517193080736E-15 -0.109012297291E-14
 -0.217180856723E-14 -0.445632269969E-16  0.120036751348E-15
  0.975248049517E-16  0.136597232188E-16 -0.183165915162E-16
 -0.125819338764E-16 -0.408775228161E-17  0.323552051336E-17
  0.254563485230E-17  0.539048703700E-18 -0.271702543263E-18
 -0.279558393844E-18  0.841657079297E-02  0.937987543709E-02
  0.829833405331E-02 -0.164369774457E-03 -0.150542831302E-03
  0.330949802034E-03  0.167873525543E-02  0.137220796373E-02
  0.171574350961E-02  0.523903776606E-04  0.473299749623E-04
 -0.105172184678E-03  0.530114702151E-03  0.536033202292E-03
  0.529407817870E-03 -0.101263025943E-05 -0.906681817131E-06
  0.202909230047E-05  0.334678732066E-04  0.303660411652E-04
  0.338490739861E-04  0.529198801771E-06  0.485192104462E-06
 -0.106577308189E-05
  
 -0.180104158401E-14 -0.245418334872E-13 -0.292826411206E-12
 -0.943937820246E-12 -0.705340492144E-13  0.600818622016E-13
  0.283094553323E-13  0.160452504996      -1.70436487378    
 -0.263727244761      0.137351722166E-03 -0.145895121085E-02
 -0.225776399152E-03 -0.181979203867E-04  0.193298434203E-03
  0.299137753084E-04  0.340659432935E-05 -0.361848674203E-04
 -0.559978356174E-05 -0.351832458228E-06  0.373716670118E-05
  0.578345055396E-06 -0.156979798763E-13 -0.180143119558E-13
 -0.149370789104E-13 -0.123181244165E-14  0.306091484839E-16
  0.319408634218E-15  0.654960872205E-13  0.666267516277E-13
  0.653288832810E-13  0.394918782681E-15 -0.378900820472E-16
  0.226242197395E-16  0.229654074055E-13  0.228449317146E-13
  0.229583516916E-13 -0.289223644469E-17  0.277505996454E-16
 -0.186301664391E-16  0.139362619471E-14  0.140822089772E-14
  0.139490495749E-14  0.383183024490E-17 -0.652521705732E-18
 -0.443596394631E-18
  
 -0.118822373271E-13 -0.118582687412E-12 -0.952371460575E-12
 -0.281234941796E-11 -0.168816897859E-12  0.184433701174E-12
  0.842785256964E-13   1.60453945825      0.244632309592    
 -0.604754891414      0.106848162931E-02  0.162856690834E-03
 -0.402482928546E-03 -0.139380207289E-03 -0.212435491268E-04
  0.524996850708E-04  0.259863611217E-04  0.396066508619E-05
 -0.978801281745E-05 -0.268153991341E-05 -0.408701470552E-06
  0.101002452157E-05  0.113761481685E-14  0.180911745842E-14
  0.275178911685E-14 -0.362072901520E-15  0.585971697249E-15
  0.204166004983E-15  0.157215696926E-12  0.157182003906E-12
  0.156518676513E-12  0.835937999766E-16 -0.281708566705E-15
 -0.232097149500E-16  0.613221403507E-13  0.612907251093E-13
  0.613257152352E-13  0.106872106250E-16 -0.165265053294E-17
  0.414130595553E-17  0.393930440191E-14  0.393833652870E-14
  0.394031351499E-14 -0.498136247300E-19  0.600789214706E-17
 -0.330831672088E-17
  
  0.157332916098E-13  0.146224816015E-12  0.969013995477E-12
  0.269133864628E-11  0.130654165569E-12 -0.175869647187E-12
 -0.803564523513E-13 -0.632320454815      0.188284297619    
  -1.60151275567     -0.428696982084E-03  0.127541059805E-03
 -0.108520421018E-02  0.563104541291E-04 -0.167514130675E-04
  0.142537387301E-03 -0.105179312051E-04  0.312883756604E-05
 -0.266234640284E-04  0.108578339721E-05 -0.322993511781E-06
  0.274837665829E-05 -0.435248683363E-13 -0.436258082744E-13
 -0.441529741901E-13  0.203531102958E-15 -0.656357735280E-15
  0.446321049307E-15 -0.124143654612E-12 -0.124235651530E-12
 -0.124156509016E-12 -0.351856960599E-16  0.197020590940E-16
 -0.115762949310E-15 -0.548477961916E-13 -0.548177852804E-13
 -0.547451523026E-13 -0.164022842259E-16  0.820416322634E-16
 -0.674380178770E-17 -0.385222427857E-14 -0.385809074656E-14
 -0.385368988535E-14  0.134476577572E-17 -0.150937224717E-17
 -0.221285147601E-17
  
 -0.251696617171E-03 -0.121575385501E-02  0.990628299565    
 -0.248962563813E-01  0.548436768170E-03  0.241203713459E-02
  0.807814574013E-03  0.542291758412E-17 -0.225563843338E-15
 -0.599403210843E-16  0.610037864955E-14  0.473238575988E-14
  0.462631513999E-14 -0.124652205588E-15  0.638747267464E-16
  0.192472901941E-15  0.578775512925E-16 -0.205590834037E-16
 -0.423432896584E-16 -0.862381461489E-17  0.126665182478E-17
  0.469973485480E-17 -0.958170833692E-02  0.699269935636E-03
 -0.118779662013E-01 -0.160729863014E-02 -0.257039545639E-02
  0.376410651919E-02  0.287922361083E-02 -0.172660578588E-03
  0.180598102932E-02  0.726572767139E-03 -0.872089010715E-03
 -0.723234641646E-03  0.225183675390E-03  0.837329630614E-04
  0.331079715958E-03  0.115516377114E-04  0.104598330575E-03
 -0.684745580820E-04  0.799200090267E-05 -0.130968901410E-04
  0.661168558184E-05  0.416273914951E-05 -0.402379478223E-06
 -0.635334696043E-05
  
 -0.298592008392E-13 -0.296720193218E-12 -0.230631194664E-11
 -0.674579155949E-11 -0.356685631787E-12  0.404832597675E-12
  0.199135134122E-12  0.121251799147E-03 -0.128832547603E-02
 -0.199192580533E-03 -0.160166861333       1.70167260770    
  0.263176288704     -0.943127346719E-04  0.100270988947E-02
  0.154713134728E-03  0.756458323903E-05 -0.804652402231E-04
 -0.123940319236E-04 -0.822370047887E-06  0.874715360586E-05
  0.134756021677E-05  0.269638204555E-13  0.302305150576E-13
  0.244858188367E-13  0.146091393738E-14 -0.169950837793E-14
  0.378140918119E-14  0.361147173742E-12  0.362353873192E-12
  0.361957834086E-12  0.202399515606E-15  0.394867663472E-16
  0.163533969418E-14  0.154499663180E-12  0.154405955395E-12
  0.154564792527E-12  0.112941660056E-15 -0.346343697823E-16
 -0.174402974957E-15  0.118115854601E-13  0.118245629687E-13
  0.118229580472E-13 -0.991361613347E-17  0.200044348743E-17
  0.496514591635E-17
  
  0.752508806343E-13  0.798219380326E-12  0.645647286227E-11
  0.191065791349E-10  0.109674286451E-11 -0.113277855393E-11
 -0.564126524937E-12 -0.146623553706E-02 -0.223683159607E-03
  0.553791796822E-03   1.59702575809      0.243562159538    
 -0.602919177552      0.282919022734E-02  0.431921411768E-03
 -0.106971140459E-02 -0.327791723657E-03 -0.500525886305E-04
  0.123973247327E-03  0.344426317149E-04  0.525919032962E-05
 -0.130261883120E-04 -0.146247112779E-12 -0.141808544747E-12
 -0.146944059257E-12  0.824433907669E-14  0.656286738006E-14
 -0.139724973643E-14 -0.108727317423E-11 -0.108885782891E-11
 -0.108767410499E-11  0.311761556147E-15 -0.813857061103E-15
 -0.155296344176E-16 -0.449909709702E-12 -0.450133394016E-12
 -0.450215927994E-12 -0.368452733969E-15  0.198526397051E-15
  0.146690952545E-15 -0.338173306322E-13 -0.338547025017E-13
 -0.337876185989E-13  0.805657969078E-17 -0.549860369999E-16
 -0.119602156858E-16
  
  0.428292606649E-13  0.452155826588E-12  0.359565923446E-11
  0.106016341982E-10  0.605621975345E-12 -0.631918646381E-12
 -0.313024484937E-12 -0.516734880398E-03  0.153604045137E-03
 -0.130735346707E-02  0.631002426593     -0.187391903723    
   1.59569077595      0.839464344517E-03 -0.250245256977E-03
  0.212689878950E-02 -0.863510724507E-04  0.257746038119E-04
 -0.218923401932E-03  0.914456850513E-05 -0.272927062889E-05
  0.231828398703E-04 -0.956014128657E-13 -0.947996039896E-13
 -0.961110703678E-13  0.501313609239E-15 -0.425101111378E-15
  0.600682684469E-14 -0.598219388324E-12 -0.597917128198E-12
 -0.596721769059E-12  0.111612345863E-14  0.264327120590E-14
  0.322243174281E-15 -0.247867350982E-12 -0.248090222580E-12
 -0.248122310484E-12 -0.292895843415E-15 -0.295861313270E-15
 -0.379983818394E-15 -0.185815394309E-13 -0.185606930551E-13
 -0.185720226563E-13  0.186617632202E-16  0.324174533305E-16
  0.343920299356E-17
  
 -0.218235205058E-07 -0.182563533840E-06 -0.478605767753E-06
  0.933576389753E-05  0.299235573305E-06 -0.154228130211E-07
 -0.135128742038E-06 -0.255987961585E-15  0.829033441072E-15
  0.254198218908E-15  0.573205397808E-15  0.715543082247E-14
  0.130165109411E-14  0.474270873743E-15 -0.198950939548E-14
 -0.552840593525E-15  0.326159660108E-15  0.548147337469E-16
 -0.111233821131E-15 -0.584747549602E-16 -0.413287688010E-16
  0.354270896302E-16  0.328785525178     -0.532449199394    
  0.203664245572      -3.43494039551     -0.662881165985    
   1.23549989037      0.586599698638E-03 -0.949062817429E-03
  0.362803968916E-03 -0.612027826271E-02 -0.118041446423E-02
  0.220554501908E-02  0.257485837577E-03 -0.416639144252E-03
  0.159297361217E-03 -0.268697060073E-02 -0.518333278151E-03
  0.967928236451E-03  0.668828611586E-04 -0.108266995896E-03
  0.414053106343E-04 -0.698346280287E-03 -0.134744195274E-03
  0.251367202549E-03
  
  0.662646550318E-07  0.604331822065E-06  0.452333101861E-05
 -0.352425410655E-04 -0.119578836228E-05  0.151241109785E-06
  0.527060768008E-06  0.823822735642E-15  0.939335848792E-16
  0.163201321065E-15  0.142643194204E-13  0.524023437788E-15
  0.225075136404E-14 -0.220589275616E-14 -0.227647691790E-15
  0.163424119520E-15 -0.952208283794E-15 -0.699672566269E-17
 -0.639572350247E-15  0.212318846487E-16 -0.135290453919E-16
  0.620170117120E-16  -1.29244632883      0.592476627986E-01
   1.23319776045      0.182797849729      -2.76307077112    
 -0.641819646310     -0.355523110427E-02  0.161032890736E-03
  0.339379529607E-02  0.505287453072E-03 -0.760037388884E-02
 -0.176634728568E-02 -0.150363264990E-02  0.683493582308E-04
  0.143503725294E-02  0.213429540911E-03 -0.321407605188E-02
 -0.746835039289E-03 -0.342236307619E-03  0.156099101402E-04
  0.326571619349E-03  0.484971423060E-04 -0.731569902479E-03
 -0.169963697417E-03
  
 -0.620509073496E-08 -0.529223802050E-07  0.461644345698E-06
  0.220885736512E-05  0.254285840811E-07  0.147910845111E-07
 -0.204640626665E-07  0.143595524415E-15 -0.667726155212E-15
  0.130913222825E-15  0.956188338100E-15 -0.108259285271E-13
 -0.129634487740E-14 -0.581679023654E-15  0.235363047362E-14
  0.708488602106E-16 -0.101768595618E-15  0.312859761954E-15
 -0.256783916011E-15  0.595620635513E-16  0.718129754182E-16
  0.283203924899E-16 -0.130027716589     -0.410650091413    
  0.540678242372       1.42090372759     -0.115033619860    
   3.42556881585     -0.128186694049E-03 -0.407633332426E-03
  0.536156756699E-03  0.140535322678E-02 -0.116241282223E-03
  0.339623837283E-02 -0.722984372062E-04 -0.229480400880E-03
  0.301929274033E-03  0.792188610845E-03 -0.650542103113E-04
  0.191267209673E-02 -0.254668605271E-04 -0.805721665811E-04
  0.106055913597E-03  0.278554258206E-03 -0.226672496261E-04
  0.671908178777E-03
  
 -0.200869420180E-03 -0.172647212758E-02 -0.644958400908E-02
  0.106603467881      0.279269553923E-02 -0.166391166554E-03
 -0.122497627422E-02 -0.402336495708E-15  0.291172252094E-16
  0.105942100097E-15 -0.901685688183E-14  0.182450278636E-14
  0.294377318670E-14  0.111372049561E-14 -0.320135806427E-15
 -0.392948153028E-15  0.124070785115E-14  0.283043418477E-15
 -0.177527431424E-15 -0.670816401059E-16 -0.473776286246E-16
 -0.295909838054E-17   1.61774668475      -1.75258008624    
  0.139627423696      0.844655255344      -1.23770543862    
 -0.733390570103      0.533448691620E-02 -0.177406729931E-02
 -0.476658404270E-03  0.216725836045E-02 -0.513348433782E-02
 -0.940170695867E-03  0.315456650426E-02 -0.165891394096E-02
 -0.104955542277E-05  0.135581535623E-02 -0.274558735971E-02
 -0.812028814620E-03  0.756719060391E-03 -0.546504544598E-03
  0.471441142620E-04  0.346354664463E-03 -0.607794106884E-03
 -0.252477514663E-03
  
  0.400028960176E-05 -0.298432578715E-05 -0.155546006728E-02
  0.218004448796E-02  0.651600324939E-04 -0.331346285536E-04
 -0.324010236135E-04 -0.175286153098E-15 -0.777224397932E-16
  0.921949762702E-15  0.562769457563E-16 -0.319406689341E-14
  0.818784843101E-14  0.957888720441E-15  0.225819081166E-15
 -0.157334563181E-14 -0.379696791479E-15  0.776739797620E-16
 -0.702940027404E-15 -0.312991984266E-16  0.128720890127E-16
 -0.550532202673E-17  0.583363070396       1.12647557681    
  -1.71029513021      0.225614568626      -2.16897647806    
  0.687827460762      0.298876068819E-02  0.760186110450E-03
 -0.398618984453E-02  0.141474619141E-02 -0.642555942401E-02
  0.865858505401E-03  0.157960539618E-02  0.106525177905E-02
 -0.270184494285E-02  0.708137814404E-03 -0.398182093373E-02
  0.801159149627E-03  0.358315637808E-03  0.416859958506E-03
 -0.776344441467E-03  0.151073259160E-03 -0.106378168905E-02
  0.273880662584E-03
  
 -0.100652472524E-03 -0.187780495991E-02 -0.227361830810E-01
  0.904423919606     -0.191079218478E-02 -0.137742929490E-02
  0.356997967106E-02 -0.221186921567E-14 -0.144980748738E-15
 -0.984428909766E-15 -0.215899760419E-13  0.208772128638E-15
 -0.165348814043E-13  0.404383400001E-14 -0.152088236622E-14
  0.150141005996E-14  0.170356604386E-14  0.603166411814E-15
  0.167064527298E-14 -0.959591425077E-16  0.177906729210E-15
  0.279547854418E-15 -0.181614820973      0.196128972443    
 -0.800944043699E-02 -0.957414895110E-01  0.145966488517    
  0.803696038829E-01  0.157716794520E-02  0.344095728016E-02
  0.202435770498E-02 -0.414463370114E-03  0.340003534640E-03
  0.488244159224E-03  0.367917203092E-02  0.196836747472E-02
  0.274290580064E-02  0.454694794064E-03 -0.800008339195E-03
 -0.330283797921E-03  0.730987647851E-03  0.308195770626E-03
  0.515467683420E-03  0.110115997661E-03 -0.182957098035E-03
 -0.851719078943E-04
    12    46
   1.00000000000       1.00000000000       1.00000000000    
   1.00000000000       1.00000000000       1.00000000000    
   1.00000000000       1.00000000000       1.00000000000    
   1.00000000000      0.819763197451      0.180236802678    
  
  0.999993548669     -0.157522090000E-03 -0.101332038762E-03
  0.592624774691E-03  0.982293821341E-06 -0.594016389700E-04
 -0.186730581202E-04 -0.302893648797E-15  0.757112147387E-16
 -0.362117377447E-16  0.480023465426E-16 -0.419769490788E-16
  0.872750885848E-17 -0.304388711650E-17  0.671312580283E-17
 -0.805746737649E-18  0.308019378591E-18 -0.134022115633E-17
  0.920249423785E-19 -0.237376015650E-19  0.140726376686E-18
 -0.549986100693E-20  0.596264570523E-03  0.597707768763E-03
  0.595593601362E-03 -0.176069911810E-06 -0.685365879340E-06
  0.606903932811E-06 -0.621780876098E-04 -0.627176097640E-04
 -0.619231921276E-04  0.652440631853E-07  0.260000078409E-06
 -0.227796601504E-06 -0.122823768311E-04 -0.122601120191E-04
 -0.122934746170E-04 -0.261016454769E-08 -0.112688999484E-07
  0.953073255917E-08 -0.806765530206E-06 -0.812312229348E-06
 -0.804134020489E-06  0.669196161520E-09  0.268323783805E-08
 -0.234439285058E-08
  
  0.252138705131E-03  -1.00092283059      0.141100596037E-02
  0.106427940975E-01 -0.312380621494E-02 -0.205281053008E-02
 -0.378071283023E-03  0.189384950566E-14  0.572582235410E-14
  0.472984955434E-15 -0.913116355965E-16  0.887301791089E-16
 -0.122034584654E-15  0.699675702711E-17 -0.407925464748E-16
  0.221055345309E-16 -0.450791820531E-18  0.108734279419E-16
 -0.522702593176E-17 -0.243340258338E-19 -0.126418664999E-17
  0.610948368624E-18  0.139078501407E-01  0.136171367309E-01
  0.140515889511E-01  0.342564356966E-04  0.146023711419E-03
 -0.124193608034E-03  0.119111892004E-02  0.129510299160E-02
  0.114965964288E-02 -0.136676530670E-04 -0.429581648654E-04
  0.421848206051E-04  0.409578727748E-03  0.405814987376E-03
  0.409776510362E-03  0.679857409741E-06  0.341253447163E-06
 -0.123403170211E-05  0.269355139248E-04  0.280094921300E-04
  0.265192905923E-04 -0.142866040232E-06 -0.432524866870E-06
  0.433003627180E-06
  
  0.144993835787E-13  0.150129997756E-12  0.878367985970E-12
  0.229976487299E-11  0.118318242098E-12 -0.141430390773E-12
 -0.680828738215E-13  0.160451376341      -1.70426337925    
 -0.263777141850     -0.135599665676E-03  0.144030989949E-02
  0.222930295361E-03  0.186930197002E-04 -0.198552885241E-03
 -0.307316016663E-04 -0.353654531163E-05  0.375643429362E-04
  0.581411490786E-05  0.366101935186E-06 -0.388864728973E-05
 -0.601874706577E-06 -0.148455257371E-12 -0.146349088001E-12
 -0.146537258572E-12  0.763474535295E-15  0.161194855413E-14
  0.239896397391E-15 -0.103763195911E-12 -0.105457588646E-12
 -0.105352242748E-12  0.995231042362E-17 -0.123288507503E-14
 -0.197589433952E-15 -0.487329207302E-13 -0.485017193213E-13
 -0.485788384001E-13 -0.468953505327E-16  0.156416960543E-15
  0.193291135213E-16 -0.360971197206E-14 -0.363475940516E-14
 -0.362143900003E-14  0.157108072253E-17 -0.172191054571E-16
 -0.166695227471E-17
  
  0.254632924008E-14  0.344324227705E-13 -0.186770202145E-12
 -0.946688567657E-12 -0.656261295312E-13  0.532233094339E-13
  0.279523419329E-13  -1.60497346592     -0.244498098882    
  0.603422091246      0.133953798701E-02  0.204044321543E-03
 -0.503517662623E-03 -0.186357862661E-03 -0.283874884996E-04
  0.700534792470E-04  0.353535812593E-04  0.538536945173E-05
 -0.132899062949E-04 -0.366226224688E-05 -0.557868983102E-06
  0.137670070272E-05 -0.186095623684E-12 -0.183869956735E-12
 -0.182412697456E-12  0.446428569744E-15  0.208849800137E-14
 -0.406486727554E-15  0.848467800115E-13  0.841209638277E-13
  0.829263460139E-13 -0.133963062874E-15 -0.121328801473E-14
  0.274077851816E-15  0.278259419523E-13  0.278346807150E-13
  0.279843928753E-13 -0.128064577670E-17  0.974354504608E-16
 -0.210057362646E-16  0.210324448173E-14  0.209685162636E-14
  0.208113998304E-14 -0.916678886747E-18 -0.125606949013E-16
  0.272876475426E-17
  
  0.586145161485E-14  0.564133628769E-13  0.469669653904E-12
  0.140349235055E-11  0.753963109869E-13 -0.848709161984E-13
 -0.415568203267E-13  0.630993001532     -0.188530268947    
   1.60191639549     -0.547115311978E-03  0.163419981121E-03
 -0.138870008204E-02  0.756508177025E-04 -0.225980897344E-04
  0.192027397290E-03 -0.143260967243E-04  0.427952228783E-05
 -0.363649784422E-04  0.148339950569E-05 -0.443126583604E-06
  0.376543388114E-05  0.106530303462E-13  0.920217486474E-14
  0.983672133616E-14  0.140696431746E-15  0.141179648452E-15
 -0.236968783950E-15 -0.780232487097E-13 -0.773920165699E-13
 -0.776199747369E-13 -0.664846885886E-16  0.596517798080E-18
  0.107332738614E-15 -0.322404022216E-13 -0.322767678086E-13
 -0.322877832392E-13 -0.250881008646E-17 -0.584551228326E-16
  0.457505945375E-16 -0.243298532050E-14 -0.242666339133E-14
 -0.242950726677E-14  0.624573121626E-18  0.422412852265E-17
 -0.705220644505E-17
  
 -0.134117578418E-02 -0.119152300101E-01  0.959315264945    
 -0.543350098951E-01  0.157594376542E-02  0.494423879805E-02
  0.167899800316E-02 -0.905793773261E-15  0.219802227308E-15
  0.600479062871E-16 -0.406740476788E-15  0.426436560520E-14
  0.635461461665E-14  0.120010351072E-14 -0.555656993445E-16
 -0.250873911032E-15 -0.166077726688E-15 -0.458034672689E-17
  0.238144940493E-16  0.176047524342E-16  0.693837602146E-18
 -0.205508292487E-17  0.177379106386E-01  0.165923586333E-01
  0.139984193113E-01  0.746947896891E-03 -0.343579472111E-02
  0.478418411450E-03  0.669737086767E-03  0.445845048368E-03
  0.629332173433E-03  0.478901746579E-04 -0.284080250369E-04
 -0.618044458076E-04 -0.112084583107E-03  0.755378642638E-05
  0.320392777863E-04 -0.429942536620E-04  0.129295375547E-03
  0.542049734567E-05 -0.110722778194E-04 -0.150323350751E-04
 -0.985516374525E-05  0.572258541749E-06  0.129775323047E-05
 -0.152538206014E-05
  
  0.198423783178E-14  0.462426394878E-13  0.104226070726E-11
  0.359997979655E-11  0.281018064946E-12 -0.214398728219E-12
 -0.107103526124E-12  0.337416149429E-03  0.515707665632E-04
 -0.127571537942E-03  -1.59098420223     -0.243151452096    
  0.601627656283     -0.489346928845E-02 -0.747892622424E-03
  0.185040493343E-02  0.470156685521E-03  0.718572301506E-04
 -0.177811780697E-03 -0.517915836290E-04 -0.791563813032E-05
  0.195875212615E-04  0.138622970756E-12  0.137608607017E-12
  0.137819251090E-12 -0.185295104787E-14 -0.811372318443E-14
 -0.816706400080E-16 -0.278636594886E-12 -0.277406069764E-12
 -0.276247944750E-12  0.429506019865E-15  0.148401338262E-14
 -0.187009434654E-17 -0.961806015084E-13 -0.947066450041E-13
 -0.952319774937E-13 -0.798859934941E-16  0.617609949214E-15
 -0.538479528059E-16 -0.624489757105E-14 -0.634072719075E-14
 -0.631634271055E-14  0.122075472011E-16 -0.213935562373E-16
  0.100757768155E-16
  
  0.981409682899E-14  0.114354274015E-12  0.104914045825E-11
  0.320624075967E-11  0.206722543811E-12 -0.190382549484E-12
 -0.948883017252E-13  0.371938352937E-04 -0.394158442823E-03
 -0.609253910090E-04 -0.159511205234       1.69014532331    
  0.261260879068     -0.505817694220E-03  0.535973327440E-02
  0.828474741470E-03  0.448865447130E-04 -0.475559969075E-03
 -0.735017361234E-04 -0.492353333324E-05  0.521629437670E-04
  0.806220243002E-05 -0.846757329046E-14 -0.102135469833E-13
 -0.924848984544E-14 -0.508103844993E-14 -0.821641644650E-15
  0.670212847553E-14 -0.201397068149E-12 -0.199900415293E-12
 -0.200645148069E-12  0.469093810910E-14  0.648110921311E-15
  0.499537348502E-15 -0.782051920858E-13 -0.781837196608E-13
 -0.779131661443E-13  0.432954268782E-15  0.183736400920E-15
 -0.360490580453E-15 -0.559985878169E-14 -0.559577323521E-14
 -0.562030270186E-14  0.184533678339E-16 -0.140241610627E-16
 -0.843258315041E-18
  
 -0.268446966660E-13 -0.277949745934E-12 -0.197223543573E-11
 -0.562736365422E-11 -0.306672178897E-12  0.341592773844E-12
  0.166519817789E-12  0.144769076608E-03 -0.428318824463E-04
  0.365469695143E-03 -0.628698288289      0.186041198712    
  -1.58738317374     -0.202641585209E-02  0.599645088322E-03
 -0.511631250550E-02  0.184503056741E-03 -0.546164675760E-04
  0.465900634341E-03 -0.202706445327E-04  0.600056964846E-05
 -0.511869837564E-04  0.122834136925E-12  0.122291677692E-12
  0.116324703530E-12 -0.215969500717E-15 -0.340586644782E-15
 -0.120429788929E-14  0.294112417841E-12  0.294825182849E-12
  0.294831304227E-12  0.228474541382E-15 -0.480373315216E-14
 -0.502409231787E-15  0.126312218999E-12  0.126874187969E-12
  0.127083121664E-12  0.109463543115E-15 -0.340616044164E-15
  0.249010473456E-15  0.944836633496E-14  0.941410388245E-14
  0.942808814589E-14  0.345164161253E-17 -0.237583000869E-16
 -0.774150817324E-17
  
  0.545130789024E-03  0.459648635139E-02  0.152568664507E-01
  0.591119016732     -0.900644445300E-02 -0.368700162059E-02
  0.854752598638E-02 -0.104202347115E-14  0.746192535825E-15
 -0.308294822502E-15 -0.227110592209E-13  0.946507891898E-14
 -0.821020419998E-14  0.194435707269E-14 -0.319179413142E-14
  0.149484639362E-14  0.308609377727E-14  0.806851182053E-16
  0.327473580213E-15  0.120639974097E-15  0.763078805459E-16
  0.244922553217E-15  -1.24888704937       1.26779403146    
 -0.273073639067E-01 -0.647411009982       1.03261738981    
  0.520377469251     -0.986877472670E-02  0.370252110155E-02
 -0.288598543214E-02 -0.354800220655E-02  0.593919020853E-02
  0.271698649937E-02 -0.528668594939E-02  0.221470103738E-02
 -0.195628318250E-02 -0.188530882853E-02  0.278804917548E-02
  0.162106614345E-02 -0.219869978031E-02  0.137676511342E-02
 -0.518575569558E-03 -0.911867075428E-03  0.141548241134E-02
  0.751756168759E-03
  
  0.481482826541E-04  0.524080572465E-03  0.238378434042E-02
  0.828735263797E-01 -0.914944240074E-03 -0.522562196750E-03
  0.112701416904E-02 -0.214879684555E-14 -0.763930354805E-16
  0.218799781137E-14 -0.261179144779E-13 -0.331204321124E-14
  0.299214752365E-13  0.389045114130E-14  0.670414618819E-16
 -0.560740151478E-14  0.284009207519E-14  0.497397889554E-15
 -0.151964397250E-14  0.190515783163E-15  0.971817005658E-16
 -0.332509923752E-15  0.591744636498       1.05102943028    
  -1.64402100115      0.233483274783      -2.11248050894    
  0.648402723968      0.310407500469E-02  0.462025567692E-02
 -0.102656683156E-01  0.162723014217E-02 -0.125783138544E-01
  0.348859802341E-02  0.908890705722E-03  0.279989180850E-02
 -0.527384112399E-02  0.529005370509E-03 -0.586851898702E-02
  0.198930036380E-02  0.673874092608E-03  0.142187222465E-02
 -0.239279613299E-02  0.298088615683E-03 -0.290267678744E-02
  0.926677434633E-03
  
  0.570396629615E-03  0.531598794582E-02  0.217685854329E-01
  0.741382861612     -0.118733539391E-01 -0.385558401024E-02
  0.115651580298E-01 -0.755490727624E-14 -0.416189158104E-15
  0.154162262012E-14 -0.106131114282E-12 -0.575706437211E-14
  0.199863506570E-13  0.137921822563E-13 -0.834941563200E-16
 -0.331055806507E-14  0.113440105208E-13  0.107306596742E-14
 -0.185965634643E-14  0.748296713079E-15  0.258326023080E-15
  0.378444650914E-16  0.949512388028      -1.15332307816    
  0.193521087691      0.503179511136     -0.614753240010    
 -0.494431411217      0.145122781998E-02 -0.115734376160E-01
 -0.407178002276E-02  0.323659785880E-02 -0.459420152407E-02
 -0.287342027223E-02 -0.149367301761E-02 -0.623983393978E-02
 -0.291053576703E-02  0.109437100398E-02 -0.111624867477E-02
 -0.118116115911E-02  0.327104767670E-03 -0.224460365301E-02
 -0.539539403418E-03  0.607099224409E-03 -0.697272898923E-03
 -0.617718048832E-03
