  -1264.6700517935426     
          15          11
   7.6454191000000001E-003  -5.7777649999999996E-004   3.0568780999999999E-003
  0.17929478820000000        2.6287277400000000E-002  -9.9943961299999995E-002
 -0.13033425209999999      -0.19035986069999999      -0.10394800220000000     
 -0.13278584580000000       0.21196094930000001       -3.3031350000000000E-003
   5.2585304700000002E-002  -4.7603265999999998E-002  0.19320217630000000     
 -0.30068316480000001      -0.45869172390000001      -0.24040902610000001     
  0.10779354789999999      -0.76443404169999996       0.47988400599999997     
  0.84675603590000004       -7.6582339599999993E-002  0.33460619809999997     
  0.53401075809999998      -0.50431320619999997      -0.52919753199999997     
 -0.44382423050000003       0.23203399550000001      -0.96898693329999996     
  0.54057897710000002       0.71036834640000002      -0.23884956399999999     
  0.11166224290000000       0.46122135790000002       0.82588848650000002     
 -0.94733481570000000       -9.3392592999999996E-002  0.33576324489999998     
 -0.30611870969999999       0.52289775670000005        6.2777277999999997E-003
   1.1442805114000001        1.8276080956000000       -8.2810152321999997     
  -7.7475739999999997E-004  -5.2367600000000005E-004  -8.3939040000000000E-004
  0.13443599389999999        9.2599498099999997E-002 -0.16633735490000001     
 -0.11627802869999999      -0.16690263910000000      -0.10139459989999999     
 -0.14141136550000000       0.15819190820000001        9.6822561500000001E-002
  0.13365981969999999       -7.8328170300000000E-002  0.17720969589999999     
 -0.25654850600000001       0.61665549590000002      -0.41784568430000002     
  0.43458174300000002      -0.65848329390000004      -0.41185116160000002     
 -0.16947349070000001       -5.1618809100000003E-002  0.76717448840000002     
  0.80244938889999995       0.46304836900000002       0.19734549350000000     
 -0.67489810549999996      -0.34991414370000001      -0.14350066189999999     
  -2.7947702301000001       -1.5269166869999999       -8.7586973473000000     
  -1264.9318585220294     
          15          11
   7.5606674000000002E-003  -5.5772340000000001E-004   3.2076384999999998E-003
  0.17932649319999999        2.6170225500000002E-002  -9.9520378600000001E-002
 -0.13084326960000001      -0.19065072899999999      -0.10429607389999999     
 -0.13308767110000000       0.21256910600000001       -3.3430917000000001E-003
   5.3116518400000000E-002  -4.7798331499999999E-002  0.19390203460000000     
 -0.30109946030000001      -0.45902203590000001      -0.24056116629999999     
  0.10790623900000000      -0.76855183620000000       0.48281374210000000     
  0.84652679330000002       -7.7271055000000005E-002  0.33525292379999999     
  0.53573990149999995      -0.50678320190000004      -0.52933992210000003     
 -0.44704445960000000       0.23327186659999999      -0.96831232930000000     
  0.54234211330000004       0.71144297950000002      -0.23533058909999999     
  0.10974450519999999       0.46475574149999999       0.82760462950000002     
 -0.94677935310000005       -9.3502085200000001E-002  0.33996399649999998     
 -0.30652972439999998       0.52315175189999996        6.1883015000000000E-003
   1.1442809124000000        1.8276081285000001       -8.2810152664000007     
  -1.0335352000000000E-003  -7.5770929999999996E-004  -6.9487940000000005E-004
  0.12260834800000001        9.3027788500000000E-002 -0.16492304240000000     
 -0.12029528180000000      -0.16727894970000001       -9.7906729100000006E-002
 -0.14270104859999999       0.16381379870000001        9.6516604600000000E-002
  0.13174720679999999       -7.6218402599999999E-002  0.17568872320000001     
 -0.30921043939999998       0.60906401710000002      -0.54156805340000003     
  0.48135728610000000      -0.63707773300000003      -0.47648136400000002     
  -8.1551315099999994E-002  -3.8877257899999997E-002  0.79245407710000004     
  0.72401498529999997       0.50024985270000000        9.7737467300000005E-002
 -0.67584485900000002      -0.35000199520000003      -0.14014782940000001     
  -2.7947703781000000       -1.5269154740999999       -8.7586971553000001     
  -1263.6588711814684     
          15          11
   6.6074788999999998E-003  -2.6016569999999999E-004   4.4381647999999999E-003
  0.18028617470000000        2.4773088799999999E-002  -9.5113172900000001E-002
 -0.13662793679999999      -0.19310348899999999      -0.10810889200000000     
 -0.13629416690000001       0.21872059680000000       -4.0391157999999996E-003
   5.9193950500000002E-002  -4.9745451300000000E-002  0.19999306359999999     
 -0.30615160390000001      -0.46270059660000001      -0.24234654489999999     
  0.11093194380000000      -0.82015561390000002       0.51981707369999997     
  0.84381839010000004       -8.5732838899999997E-002  0.34171437939999999     
  0.55817501160000005      -0.53716699260000000      -0.53373800419999995     
 -0.48340013990000003       0.24955892510000000      -0.96205817869999999     
  0.56362410959999998       0.72499514300000001      -0.19609884999999999     
   8.8843390100000003E-002  0.50721378660000005       0.84953934320000002     
 -0.94189252930000000       -9.3758895400000000E-002  0.38791181139999997     
 -0.31149172619999999       0.52579528160000000        4.9501548000000003E-003
   1.1442861494000001        1.8276085622000000       -8.2810157136000004     
   3.1038460000000002E-004  -4.2366935000000003E-003  -2.6669999999999998E-004
  -8.9614899999999995E-004   9.9286306399999996E-002 -0.16318706629999999     
 -0.16164365980000001      -0.17855142290000001       -5.6307483200000001E-002
 -0.15442369489999999       0.22539311449999999        9.2519250999999997E-002
  0.10983594770000001       -5.1185930400000003E-002  0.14718945410000001     
 -0.99383931820000004       0.29499045120000000       -2.1177863169000002     
   1.1757721919999999      -0.24180793730000000       -1.2394004663000000     
   1.0159548708999999       0.12607229859999999        1.0594052806000001     
 -0.39851675079999999        1.1276005683999999      -0.96942263299999998     
 -0.68840651659999996      -0.35100307959999999       -9.1677845999999993E-002
  -2.7947707212999999       -1.5269035257000001       -8.7586896433000003     
