 ********* NEW TRY ************, SPIN:            1
 REP:            1  DIM:            1  NUMBER OF BASES:          178
           1         178
   -18.79824      -18.79824      -10.00592      -10.00580      -1.008738    
  -0.9962792     -0.6512137     -0.5475767     -0.4533525     -0.4444974    
  -0.4182475     -0.4134138     -0.3714685     -0.2877355     -0.2336655    
  -0.1629756     -0.4724560E-01  0.1381633E-01  0.1523512E-01  0.4406555E-01
   0.7132512E-01  0.9937709E-01  0.1387558      0.1523585      0.1571338    
   0.1607972      0.1956636      0.2046084      0.2189464      0.2320141    
   0.2379851      0.2512527      0.2727368      0.2961062      0.3118044    
   0.3197571      0.3324531      0.3406868      0.3758498      0.4301808    
   0.4321289      0.4337482      0.4943231      0.5315327      0.6007517    
   0.6092815      0.6106389      0.6311866      0.6549233      0.6617860    
   0.7139434      0.7339401      0.7431088      0.7778214      0.7778397    
   0.7946409      0.7960635      0.8038147      0.8460236      0.8564227    
   0.9112508      0.9144480      0.9536234      0.9597943      0.9636916    
   0.9822334       1.024334       1.031878       1.047235       1.113621    
    1.135973       1.150688       1.218880       1.245604       1.284524    
    1.314449       1.352916       1.354835       1.355978       1.489312    
    1.504245       1.531872       1.533878       1.611432       1.648538    
    1.681292       1.686532       1.751896       1.760922       1.828765    
    1.887226       1.947094       1.993329       2.004877       2.031352    
    2.036023       2.081908       2.149522       2.159122       2.203925    
    2.250783       2.265114       2.302411       2.310032       2.337064    
    2.347335       2.349701       2.477944       2.478081       2.498176    
    2.561575       2.580566       2.601029       2.655139       2.715584    
    2.824586       2.890576       2.909450       2.940219       2.972619    
    3.142632       3.204022       3.335581       3.374693       3.469269    
    3.494885       3.630825       3.694650       3.779033       3.827201    
    4.007043       4.375776       4.418541       4.507333       4.549779    
    4.675333       4.681617       4.767336       4.804175       4.897944    
    4.977413       4.995780       5.026004       5.109142       5.113913    
    5.167136       5.326896       5.591946       5.633348       5.639642    
    5.925058       6.015824       6.266520       6.280793       6.343294    
    6.358619       6.440271       6.441757       6.563972       6.598094    
    6.603633       6.635582       7.510420       7.517684       7.732479    
    7.830612       8.466983       8.639030       10.01649       10.01697    
    10.82493       10.95982       12.16574       12.24923       50.34562    
    50.59425       57.03155       57.39277    
 FERMI LEVEL:  -0.16644131275683488       TEMP:    1.0000000000000000E-004
 SUMMARY OF EVALUES AND THEIR OCCUPANCIES:
    1  REP:  1  DEG:  1  SPIN:  1  ENERGY:   -18.7982      OCC:    1.00000    
    2  REP:  1  DEG:  1  SPIN:  1  ENERGY:   -18.7982      OCC:    1.00000    
    3  REP:  1  DEG:  1  SPIN:  1  ENERGY:   -10.0059      OCC:    1.00000    
    4  REP:  1  DEG:  1  SPIN:  1  ENERGY:   -10.0058      OCC:    1.00000    
    5  REP:  1  DEG:  1  SPIN:  1  ENERGY:   -1.00874      OCC:    1.00000    
    6  REP:  1  DEG:  1  SPIN:  1  ENERGY:  -0.996279      OCC:    1.00000    
    7  REP:  1  DEG:  1  SPIN:  1  ENERGY:  -0.651214      OCC:    1.00000    
    8  REP:  1  DEG:  1  SPIN:  1  ENERGY:  -0.547577      OCC:    1.00000    
    9  REP:  1  DEG:  1  SPIN:  1  ENERGY:  -0.453352      OCC:    1.00000    
   10  REP:  1  DEG:  1  SPIN:  1  ENERGY:  -0.444497      OCC:    1.00000    
   11  REP:  1  DEG:  1  SPIN:  1  ENERGY:  -0.418248      OCC:    1.00000    
   12  REP:  1  DEG:  1  SPIN:  1  ENERGY:  -0.413414      OCC:    1.00000    
   13  REP:  1  DEG:  1  SPIN:  1  ENERGY:  -0.371469      OCC:    1.00000    
   14  REP:  1  DEG:  1  SPIN:  1  ENERGY:  -0.287735      OCC:    1.00000    
   15  REP:  1  DEG:  1  SPIN:  1  ENERGY:  -0.233666      OCC:    1.00000    
   16  REP:  1  DEG:  1  SPIN:  1  ENERGY:  -0.162976      OCC:   0.888178E-15
   17  REP:  1  DEG:  1  SPIN:  1  ENERGY:  -0.472456E-01  OCC:    0.00000    
   18  REP:  1  DEG:  1  SPIN:  1  ENERGY:   0.138163E-01  OCC:    0.00000    
