   3          TOTAL NUMBER OF ATOM TYPES                                        
   6   6      ELECTRONIC AND NUCLEAR CHARGE                                     
ALL           ALL-ELECTRON ATOM TYPE                                            
   2          NUMBER OF ATOMS OF TYPE CAR                                       
 0.005978 0.000000 -1.443896 UPO                                                
 -0.005978 0.000000 1.443896 UPO                                                
 0                                                                              
  12          NUMBER OF BARE GAUSSIANS                                          
   5   4   3  NUMBER OF S,P,D FUNCTIONS                                         
   0   0   1  SUPPLEMENTARY S,P,D FUNCTIONS                                     
       0.2221336090D+05       0.3331736980D+04       0.7579013460D+03           
       0.2145437190D+03       0.6992488940D+02       0.2508613490D+02           
       0.9591041750D+01       0.3802455710D+01       0.1489185420D+01           
       0.5748765300D+00       0.2149473200D+00       0.7720965000D-01           
                                                                                
       0.1979224900D+00       0.3699897740D+00       0.6364461530D+00           
       0.1012493110D+01       0.1448078710D+01       0.1717368870D+01           
       0.1493193200D+01       0.6898716060D+00       0.8607224650D-01           
      -0.1656669520D-02       0.3776603340D-03      -0.4710534310D-04           
                                                                                
      -0.4500525960D-01      -0.8462105180D-01      -0.1449656410D+00           
      -0.2353560110D+00      -0.3421536850D+00      -0.4459512370D+00           
      -0.4526397090D+00      -0.3221641360D+00      -0.1298841970D-01           
       0.2013547140D+00       0.1276991250D+00       0.1413546650D-01           
                                                                                
       0.0000000000D+00       0.0000000000D+00       0.0000000000D+00           
       0.0000000000D+00       0.0000000000D+00       0.0000000000D+00           
       0.0000000000D+00       0.0000000000D+00       0.0000000000D+00           
       0.1000000000D+01       0.0000000000D+00       0.0000000000D+00           
                                                                                
       0.0000000000D+00       0.0000000000D+00       0.0000000000D+00           
       0.0000000000D+00       0.0000000000D+00       0.0000000000D+00           
       0.0000000000D+00       0.0000000000D+00       0.0000000000D+00           
       0.0000000000D+00       0.1000000000D+01       0.0000000000D+00           
                                                                                
       0.0000000000D+00       0.0000000000D+00       0.0000000000D+00           
       0.0000000000D+00       0.0000000000D+00       0.0000000000D+00           
       0.0000000000D+00       0.0000000000D+00       0.0000000000D+00           
       0.0000000000D+00       0.0000000000D+00       0.1000000000D+01           
                                                                                
       0.2313862990D-01       0.4264913270D-01       0.7465885120D-01           
       0.1202411540D+00       0.1835117630D+00       0.2470680430D+00           
       0.3071421870D+00       0.3137270600D+00       0.2672633980D+00           
       0.1475658550D+00       0.4758557640D-01       0.7279645930D-02           
                                                                                
       0.0000000000D+00       0.0000000000D+00       0.0000000000D+00           
       0.0000000000D+00       0.0000000000D+00       0.0000000000D+00           
       0.0000000000D+00       0.0000000000D+00       0.0000000000D+00           
       0.1000000000D+01       0.0000000000D+00       0.0000000000D+00           
                                                                                
       0.0000000000D+00       0.0000000000D+00       0.0000000000D+00           
       0.0000000000D+00       0.0000000000D+00       0.0000000000D+00           
       0.0000000000D+00       0.0000000000D+00       0.0000000000D+00           
       0.0000000000D+00       0.1000000000D+01       0.0000000000D+00           
                                                                                
       0.0000000000D+00       0.0000000000D+00       0.0000000000D+00           
       0.0000000000D+00       0.0000000000D+00       0.0000000000D+00           
       0.0000000000D+00       0.0000000000D+00       0.0000000000D+00           
       0.0000000000D+00       0.0000000000D+00       0.1000000000D+01           
                                                                                
       0.0000000000D+00       0.0000000000D+00       0.0000000000D+00           
       0.0000000000D+00       0.0000000000D+00       0.0000000000D+00           
       0.0000000000D+00       0.0000000000D+00       0.1000000000D+01           
       0.0000000000D+00       0.0000000000D+00       0.0000000000D+00           
                                                                                
       0.0000000000D+00       0.0000000000D+00       0.0000000000D+00           
       0.0000000000D+00       0.0000000000D+00       0.0000000000D+00           
       0.0000000000D+00       0.0000000000D+00       0.0000000000D+00           
       0.1000000000D+01       0.0000000000D+00       0.0000000000D+00           
                                                                                
       0.0000000000D+00       0.0000000000D+00       0.0000000000D+00           
       0.0000000000D+00       0.0000000000D+00       0.0000000000D+00           
       0.0000000000D+00       0.0000000000D+00       0.0000000000D+00           
       0.0000000000D+00       0.1000000000D+01       0.0000000000D+00           
                                                                                
       0.0000000000D+00       0.0000000000D+00       0.0000000000D+00           
       0.0000000000D+00       0.0000000000D+00       0.0000000000D+00           
       0.0000000000D+00       0.0000000000D+00       0.0000000000D+00           
       0.0000000000D+00       0.0000000000D+00       0.1000000000D+01           
                                                                                
   8   8      ELECTRONIC AND NUCLEAR CHARGE                                     
ALL           ALL-ELECTRON ATOM TYPE                                            
   2          NUMBER OF ATOMS OF TYPE OXY                                       
 1.963915 -0.000000 -2.634622 UPO                                               
 -1.963916 -0.000000 2.634622 UPO                                               
 0                                                                              
  13          NUMBER OF BARE GAUSSIANS                                          
   5   4   3  NUMBER OF S,P,D FUNCTIONS                                         
   0   0   1  SUPPLEMENTARY S,P,D FUNCTIONS                                     
       0.6120995220D+05       0.9191660630D+04       0.2094692730D+04           
       0.5935495900D+03       0.1936468550D+03       0.6977937380D+02           
       0.2693975300D+02       0.1093418610D+02       0.4565711210D+01           
       0.1884057180D+01       0.7553058400D+00       0.2915527400D+00           
       0.1049174000D+00                                                         
                                                                                
       0.2484510850D+00       0.4640692010D+00       0.8000280060D+00           
       0.1288259230D+01       0.1912301250D+01       0.2484317540D+01           
       0.2565928310D+01       0.1710267850D+01       0.4862767820D+00           
       0.2128629570D-01       0.3876386950D-03      -0.1273179470D-03           
       0.1805300580D-04                                                         
                                                                                
      -0.5837699430D-01      -0.1091869670D+00      -0.1884255660D+00           
      -0.3060803760D+00      -0.4627975500D+00      -0.6352657150D+00           
      -0.7423516650D+00      -0.6508699470D+00      -0.2850338670D+00           
       0.1945857910D+00       0.3001787390D+00       0.1205146690D+00           
       0.7304580300D-02                                                         
                                                                                
       0.0000000000D+00       0.0000000000D+00       0.0000000000D+00           
       0.0000000000D+00       0.0000000000D+00       0.0000000000D+00           
       0.0000000000D+00       0.0000000000D+00       0.0000000000D+00           
       0.0000000000D+00       0.1000000000D+01       0.0000000000D+00           
       0.0000000000D+00                                                         
                                                                                
       0.0000000000D+00       0.0000000000D+00       0.0000000000D+00           
       0.0000000000D+00       0.0000000000D+00       0.0000000000D+00           
       0.0000000000D+00       0.0000000000D+00       0.0000000000D+00           
       0.0000000000D+00       0.0000000000D+00       0.1000000000D+01           
       0.0000000000D+00                                                         
                                                                                
       0.0000000000D+00       0.0000000000D+00       0.0000000000D+00           
       0.0000000000D+00       0.0000000000D+00       0.0000000000D+00           
       0.0000000000D+00       0.0000000000D+00       0.0000000000D+00           
       0.0000000000D+00       0.0000000000D+00       0.0000000000D+00           
       0.1000000000D+01                                                         
                                                                                
       0.4803085360D-01       0.7673145870D-01       0.1493385660D+00           
       0.2241829500D+00       0.3683805400D+00       0.5002376060D+00           
       0.6764937310D+00       0.7390674950D+00       0.7096321280D+00           
       0.4954630190D+00       0.2131075530D+00       0.5731713790D-01           
       0.6280915410D-02                                                         
                                                                                
       0.0000000000D+00       0.0000000000D+00       0.0000000000D+00           
       0.0000000000D+00       0.0000000000D+00       0.0000000000D+00           
       0.0000000000D+00       0.0000000000D+00       0.0000000000D+00           
       0.0000000000D+00       0.1000000000D+01       0.0000000000D+00           
       0.0000000000D+00                                                         
                                                                                
       0.0000000000D+00       0.0000000000D+00       0.0000000000D+00           
       0.0000000000D+00       0.0000000000D+00       0.0000000000D+00           
       0.0000000000D+00       0.0000000000D+00       0.0000000000D+00           
       0.0000000000D+00       0.0000000000D+00       0.1000000000D+01           
       0.0000000000D+00                                                         
                                                                                
       0.0000000000D+00       0.0000000000D+00       0.0000000000D+00           
       0.0000000000D+00       0.0000000000D+00       0.0000000000D+00           
       0.0000000000D+00       0.0000000000D+00       0.0000000000D+00           
       0.0000000000D+00       0.0000000000D+00       0.0000000000D+00           
       0.1000000000D+01                                                         
                                                                                
       0.0000000000D+00       0.0000000000D+00       0.0000000000D+00           
       0.0000000000D+00       0.0000000000D+00       0.0000000000D+00           
       0.0000000000D+00       0.0000000000D+00       0.0000000000D+00           
       0.1000000000D+01       0.0000000000D+00       0.0000000000D+00           
       0.0000000000D+00                                                         
                                                                                
       0.0000000000D+00       0.0000000000D+00       0.0000000000D+00           
       0.0000000000D+00       0.0000000000D+00       0.0000000000D+00           
       0.0000000000D+00       0.0000000000D+00       0.0000000000D+00           
       0.0000000000D+00       0.1000000000D+01       0.0000000000D+00           
       0.0000000000D+00                                                         
                                                                                
       0.0000000000D+00       0.0000000000D+00       0.0000000000D+00           
       0.0000000000D+00       0.0000000000D+00       0.0000000000D+00           
       0.0000000000D+00       0.0000000000D+00       0.0000000000D+00           
       0.0000000000D+00       0.0000000000D+00       0.1000000000D+01           
       0.0000000000D+00                                                         
                                                                                
       0.0000000000D+00       0.0000000000D+00       0.0000000000D+00           
       0.0000000000D+00       0.0000000000D+00       0.0000000000D+00           
       0.0000000000D+00       0.0000000000D+00       0.0000000000D+00           
       0.0000000000D+00       0.0000000000D+00       0.0000000000D+00           
       0.1000000000D+01                                                         
                                                                                
   1   1      ELECTRONIC AND NUCLEAR CHARGE                                     
ALL           ALL-ELECTRON ATOM TYPE                                            
   2          NUMBER OF ATOMS OF TYPE HYD                                       
 -1.908347 0.000000 -2.330288 UPO                                               
 1.908347 0.000000 2.330288 UPO                                                 
 0                                                                              
   6          NUMBER OF BARE GAUSSIANS                                          
   4   3   1  NUMBER OF S,P,D FUNCTIONS                                         
   0   1   1  SUPPLEMENTARY S,P,D FUNCTIONS                                     
       0.7784080190D+02       0.1153441740D+02       0.2613858140D+01           
       0.7321663300D+00       0.2283819000D+00       0.7450697000D-01           
                                                                                
       0.3765677010D-01       0.7036322570D-01       0.1131455390D+00           
       0.1393935110D+00       0.1091635820D+00       0.3585699350D-01           
                                                                                
       0.0000000000D+00       0.0000000000D+00       0.0000000000D+00           
       0.1000000000D+01       0.0000000000D+00       0.0000000000D+00           
                                                                                
       0.0000000000D+00       0.0000000000D+00       0.0000000000D+00           
       0.0000000000D+00       0.1000000000D+01       0.0000000000D+00           
                                                                                
       0.0000000000D+00       0.0000000000D+00       0.0000000000D+00           
       0.0000000000D+00       0.0000000000D+00       0.1000000000D+01           
                                                                                
       0.0000000000D+00       0.0000000000D+00       0.1000000000D+01           
       0.0000000000D+00       0.0000000000D+00       0.0000000000D+00           
                                                                                
       0.0000000000D+00       0.0000000000D+00       0.0000000000D+00           
       0.1000000000D+01       0.0000000000D+00       0.0000000000D+00           
                                                                                
       0.0000000000D+00       0.0000000000D+00       0.0000000000D+00           
       0.0000000000D+00       0.1000000000D+01       0.0000000000D+00           
                                                                                
       0.0000000000D+00       0.0000000000D+00       0.0000000000D+00           
       0.0000000000D+00       0.0000000000D+00       0.1000000000D+01           
                                                                                
       0.0000000000D+00       0.0000000000D+00       0.0000000000D+00           
       0.1000000000D+01       0.0000000000D+00       0.0000000000D+00           
                                                                                
       0.0000000000D+00       0.0000000000D+00       0.0000000000D+00           
       0.0000000000D+00       0.1000000000D+01       0.0000000000D+00           
                                                                                
 15.0000 15.0000                                                                
WFOUT                                                                           
     1     SPIN
    15     NUMBER OF OCCUPIED ORBITALS, EVALUES:
  -18.7982383212      -18.7982381179      -10.0059221375    
  -10.0057984908      -1.00873828128     -0.996279169581    
 -0.651213726569     -0.547576703542     -0.453352499941    
 -0.444497443313     -0.418247519442     -0.413413803937    
 -0.371468519414     -0.287735466951     -0.233665517524    
     1     NUMBER OF REPRESENTATIONS
    15   178
   1.00000000000       1.00000000000       1.00000000000    
   1.00000000000       1.00000000000       1.00000000000    
   1.00000000000       1.00000000000       1.00000000000    
   1.00000000000       1.00000000000       1.00000000000    
   1.00000000000       1.00000000000       1.00000000000    
  
 -0.132571764770E-03 -0.509528339471E-03  0.976092056770E-04
 -0.477960260541E-03  0.513992253621E-03 -0.303256256294E-03
 -0.817803526071E-12  0.197363211258E-03  0.257815683983E-03
  0.234456924220E-12 -0.138019913914E-03 -0.290495056401E-03
 -0.169039871137E-11  0.295774147816E-03  0.985311077723E-04
  0.326492860646E-12 -0.588220383447E-05  0.296251931790E-03
  0.120794195903E-03  0.240883721289E-03  0.583916486918E-12
 -0.253359522533E-03 -0.279798265438E-11  0.788054988377E-04
  0.427860354856E-04  0.248545071115E-04  0.460880093563E-12
 -0.106543831822E-03  0.115026576508E-11 -0.766103752192E-04
  0.229466795671E-04  0.231919533193E-04 -0.104272630264E-11
  0.824113675039E-04  0.347895602341E-12  0.130215077287E-03
  0.500395316771E-03 -0.933864986000E-04  0.458847864300E-03
 -0.509723521527E-03 -0.295330889696E-03  0.805370047889E-12
  0.194907579084E-03  0.251164983540E-03 -0.231517686888E-12
 -0.136044354607E-03 -0.281905576082E-03  0.164765203561E-11
  0.290200180677E-03  0.955470788241E-04 -0.320347613991E-12
 -0.513111138639E-05 -0.289824804729E-03 -0.119598170805E-03
 -0.237339392340E-03  0.604245612899E-12  0.249053232082E-03
 -0.273041252572E-11 -0.767675937043E-04 -0.409232059912E-04
 -0.231693148007E-04  0.438553741123E-12  0.102648355460E-03
  0.112024474093E-11  0.751522088211E-04 -0.221568526058E-04
 -0.225898771194E-04 -0.974603234666E-12 -0.800529664697E-04
  0.336729249672E-12  0.736977625906      0.533025660654E-01
 -0.236615218791E-01 -0.115897383069E-01 -0.141026745453E-02
 -0.415592039916E-02  0.171136038546E-09  0.262282006613E-02
  0.183531105173E-02 -0.693368659740E-10 -0.116768321542E-02
 -0.288332345609E-03 -0.173419113376E-11  0.201494979583E-03
  0.103154511553E-03 -0.165441997474E-11 -0.925338025711E-04
  0.174756466651E-01  0.171905502050E-01  0.168247183095E-01
  0.311181073687E-10 -0.113911601450E-02  0.186364643069E-10
  0.739032645440E-02  0.754833971822E-02  0.757363916537E-02
 -0.106973409080E-10  0.289572795600E-03 -0.390445051500E-11
  0.945922676807E-03  0.884269901677E-03  0.891148588019E-03
 -0.416120297144E-12 -0.820081649318E-04  0.138752171416E-11
 -0.718811644590     -0.519923581280E-01  0.230705721511E-01
  0.113112109738E-01  0.138273565393E-02 -0.405317732422E-02
 -0.166899222582E-09  0.255803765977E-02  0.178933756164E-02
  0.675990200261E-10 -0.113840092185E-02 -0.280041799729E-03
  0.173169862244E-11  0.195511063692E-03  0.101333672671E-03
  0.161100361025E-11 -0.915139405354E-04 -0.170424435723E-01
 -0.167646664723E-01 -0.164060031452E-01  0.303455260354E-10
  0.111125164712E-02  0.182554725285E-10 -0.721161360508E-02
 -0.736537707169E-02 -0.739122985030E-02 -0.104325101082E-10
 -0.282376236488E-03 -0.385219563718E-11 -0.924391463472E-03
 -0.864552099742E-03 -0.870420391659E-03 -0.395815201275E-12
  0.793072477927E-04  0.135529219630E-11 -0.375814723049E-04
  0.156294001124E-04  0.113995965229E-03  0.300251640738E-04
 -0.626583247457E-04 -0.964278290648E-12 -0.201842805815E-04
  0.772348298055E-04  0.806655525394E-12  0.228774466739E-04
  0.167375410181E-04 -0.415701188585E-12  0.265112505114E-04
  0.286424225176E-04 -0.754237503439E-05  0.695306669532E-05
  0.972137179317E-12  0.276091563640E-04 -0.860673044862E-12
  0.323174349727E-04 -0.147437142064E-04 -0.109878063831E-03
 -0.279634489391E-04 -0.609097529120E-04  0.956534540089E-12
 -0.207664333537E-04  0.747799498468E-04 -0.798665726674E-12
  0.227136163630E-04  0.162966400896E-04  0.384569085855E-12
  0.253273251388E-04 -0.282737956292E-04  0.649209959758E-05
 -0.810295351330E-05  0.973634110153E-12 -0.266510478261E-04
 -0.823781127894E-12
  
  0.927866676890E-04  0.359632157290E-03 -0.167982691077E-03
  0.759874815530E-03 -0.164636686409E-03  0.313825585478E-03
  0.498162383195E-12 -0.959551223080E-04 -0.263281605915E-03
 -0.116873983879E-12  0.774380783195E-04  0.340558011744E-03
  0.169255650792E-11 -0.219660883116E-03 -0.118349627579E-03
 -0.242202789353E-12  0.300230927144E-04 -0.253820871044E-03
 -0.464266252665E-04 -0.139014060215E-03  0.838327416224E-12
  0.169347984105E-03  0.267136451361E-11 -0.806778412999E-04
 -0.741089783770E-04 -0.672128435042E-04 -0.890196457182E-12
  0.154770508628E-03 -0.118818403140E-11  0.574789612484E-04
 -0.313613102181E-04 -0.238352202081E-04  0.271893949986E-11
 -0.934810744076E-04 -0.443781546388E-12  0.960660459728E-04
  0.372235162087E-03 -0.170365959576E-03  0.771564868925E-03
 -0.177411646116E-03 -0.321295906772E-03  0.518832138568E-12
  0.100850542798E-03  0.269632880782E-03 -0.122732250026E-12
 -0.808579336902E-04 -0.347700487275E-03  0.173421745573E-11
  0.226973040774E-03  0.120771554409E-03 -0.250279750400E-12
 -0.301605313958E-04 -0.261133635259E-03 -0.494266228888E-04
 -0.144981499738E-03 -0.823675458250E-12  0.175616408918E-03
 -0.274032458292E-11 -0.826192414996E-04 -0.751534845901E-04
 -0.678120605896E-04  0.901426687356E-12  0.157380844699E-03
  0.121650216387E-11  0.593730229741E-04 -0.319241308429E-04
 -0.244064678277E-04 -0.274411899216E-11 -0.955083679947E-04
  0.452344712001E-12 -0.718765915654     -0.518385437291E-01
  0.233857777048E-01  0.110167846897E-01  0.108566300962E-02
  0.406521965670E-02 -0.167618289115E-09 -0.256315709842E-02
 -0.181932426709E-02  0.687670523183E-10  0.115879185305E-02
  0.328619382511E-03  0.741333153065E-13 -0.237265580160E-03
 -0.716786112548E-04  0.171893067064E-11  0.397128012001E-04
 -0.171416299853E-01 -0.168519227845E-01 -0.165691912288E-01
 -0.305842484981E-10  0.110231215700E-02 -0.149786068906E-10
 -0.706933187582E-02 -0.723764265300E-02 -0.721516339781E-02
  0.104785917111E-10 -0.284742308479E-03  0.203828878777E-11
 -0.851005323987E-03 -0.779108424797E-03 -0.819509446438E-03
  0.809825958787E-12  0.107203891263E-03 -0.127436218202E-11
 -0.736933023935     -0.531525402883E-01  0.239689577492E-01
  0.113025712580E-01  0.112051719490E-02 -0.416765955967E-02
 -0.171835985507E-09  0.262780689906E-02  0.186455545743E-02
  0.704756543588E-10 -0.118756842801E-02 -0.335712052554E-03
  0.117333745727E-12  0.242219697276E-03  0.742304687055E-04
  0.175967526318E-11 -0.420095354714E-04 -0.175723892842E-01
 -0.172756589816E-01 -0.169838854671E-01  0.313516320581E-10
  0.113039302666E-02  0.154375841087E-10 -0.725155325274E-02
 -0.742375424742E-02 -0.740191359726E-02 -0.107422850116E-10
 -0.291878998178E-03 -0.213491308098E-11 -0.874345208427E-03
 -0.800932240481E-03 -0.841492294195E-03 -0.819972272552E-12
  0.109216851785E-03  0.130857983324E-11  0.210470440314E-03
 -0.352917577996E-04 -0.163597175212E-03 -0.822471584411E-04
  0.692887199658E-04  0.297718824211E-12 -0.235821021741E-04
 -0.974063893199E-04 -0.309971206108E-12 -0.627683466798E-05
 -0.174599366386E-04  0.124314886111E-11 -0.471149787140E-04
 -0.144127583041E-04  0.419951589477E-04  0.461669658803E-04
  0.722641603336E-13 -0.380472340766E-04  0.146899950572E-11
  0.211342590065E-03 -0.356706310067E-04 -0.166391623201E-03
 -0.829708007344E-04 -0.708307884298E-04  0.321691536816E-12
  0.230710805734E-04  0.993033015154E-04 -0.330007784486E-12
  0.684572225393E-05  0.178723341512E-04  0.125313415732E-11
  0.477619952435E-04 -0.151229464078E-04  0.421703433717E-04
  0.459791010231E-04 -0.479717501750E-13 -0.387242654243E-04
 -0.149003821341E-11
  
  0.734523870085      0.730884874287E-01 -0.186540314996E-01
 -0.102061401591E-01 -0.979451519479E-03  0.209412287615E-02
  0.301727966800E-09 -0.110798593122E-02 -0.203869156163E-03
 -0.778442010331E-10  0.293407078742E-03  0.168310713463E-04
 -0.687358624071E-11 -0.939197468803E-06 -0.138807745404E-04
 -0.282581966704E-11  0.699146600084E-05  0.691017703536E-02
  0.580659917116E-02  0.624025112562E-02  0.180089196942E-09
 -0.126767345614E-02 -0.129804745093E-09  0.144069506305E-02
  0.171113635522E-02  0.171543525239E-02 -0.166398171300E-10
  0.161962288147E-03 -0.102980496324E-10  0.704124906053E-04
  0.381160255174E-04  0.383121585744E-04  0.287247448460E-11
 -0.878989013286E-04  0.115729793935E-11  0.734622811579    
  0.730983479554E-01 -0.186565408639E-01 -0.102075148209E-01
 -0.979578012337E-03 -0.209440139821E-02  0.301774008452E-09
  0.110809135482E-02  0.203900145172E-03 -0.778559902526E-10
 -0.293427892817E-03 -0.168244341629E-04 -0.687449919078E-11
  0.932125993325E-06  0.138820327068E-04 -0.282627817387E-11
 -0.699345028618E-05  0.691110338961E-02  0.580737559871E-02
  0.624108423554E-02 -0.180104432566E-09 -0.126782714407E-02
  0.129824400681E-09  0.144089631498E-02  0.171136883737E-02
  0.171565598332E-02  0.166374306911E-10  0.161971616931E-03
  0.102958989289E-10  0.704232032502E-04  0.381210849076E-04
  0.383208648949E-04 -0.287231296868E-11 -0.879015169231E-04
 -0.115744821113E-11 -0.636084151816E-04  0.179285376543E-03
  0.193361347875E-03 -0.378898320312E-03 -0.655542093210E-04
 -0.192804408024E-03 -0.663163302914E-13  0.965685259187E-04
 -0.267442906729E-03  0.420997169802E-11  0.191917786195E-03
  0.172070897486E-03 -0.468204864235E-11 -0.960154251053E-04
  0.128846134879E-04  0.221061586909E-12 -0.991124992128E-05
  0.212428662982E-03 -0.193539844733E-03 -0.490043315261E-04
 -0.309375046972E-10 -0.450397417174E-03  0.530997953478E-11
  0.182541244663E-03  0.622950459366E-04  0.131367419946E-03
  0.107796011440E-10 -0.193915833654E-03  0.140538651502E-11
 -0.221127075362E-04  0.122907134539E-04  0.553716393405E-06
  0.489431939427E-12  0.443686162157E-04 -0.201037393213E-11
 -0.636169329454E-04  0.179307884532E-03  0.193376784244E-03
 -0.378927259108E-03 -0.655621002031E-04  0.192832700854E-03
 -0.655258629186E-13 -0.965863951053E-04  0.267470234366E-03
  0.420954423160E-11 -0.191933787679E-03 -0.172085225738E-03
 -0.468230378777E-11  0.960242793212E-04 -0.128858913821E-04
  0.221116707548E-12  0.991237096617E-05  0.212457032577E-03
 -0.193558341646E-03 -0.490080907872E-04  0.309417632415E-10
 -0.450456872495E-03 -0.531388393662E-11  0.182560752789E-03
  0.622977383246E-04  0.131377633893E-03 -0.107814996907E-10
 -0.193935325406E-03 -0.140353415098E-11 -0.221149108316E-04
  0.122921523749E-04  0.553742150335E-06 -0.489323646621E-12
  0.443725864044E-04  0.201032598614E-11  0.204207568204E-03
  0.431569765674E-04  0.656764825960E-04 -0.753028260466E-05
  0.257551512612E-04  0.341737659894E-11 -0.451310156432E-05
  0.196826781668E-03 -0.221415171485E-11  0.136833517895E-03
  0.436154208514E-04  0.463797079883E-12 -0.439830102248E-05
  0.119488624502E-03 -0.164715822375E-04  0.307715754702E-04
 -0.173925432517E-11  0.183184685800E-03 -0.624196269905E-11
  0.204246836546E-03  0.431601597625E-04  0.656673176537E-04
 -0.753113624004E-05 -0.257606036462E-04  0.341660679969E-11
  0.450975868134E-05 -0.196849720175E-03 -0.221317068184E-11
 -0.136845158351E-03 -0.436163321125E-04  0.463705365643E-12
  0.439928185767E-05  0.119505449893E-03 -0.164728599213E-04
  0.307745867374E-04  0.173721753276E-11  0.183201387544E-03
  0.624194977330E-11
  
 -0.734688774258     -0.732409910286E-01  0.186358619810E-01
  0.101991832453E-01  0.938151080280E-03 -0.213717326438E-02
 -0.283962411639E-09  0.808117264511E-03  0.243450618415E-03
  0.697549372028E-10 -0.158808152599E-03  0.511186544864E-04
  0.578181183080E-11 -0.536231887561E-04  0.998717645802E-05
  0.303782516686E-11 -0.152018810103E-04 -0.688341956129E-02
 -0.574775458795E-02 -0.618036876008E-02 -0.117346163169E-09
  0.117378941562E-02  0.146783442903E-09 -0.148476398901E-02
 -0.172203518361E-02 -0.163230682459E-02 -0.166298352444E-10
 -0.748072150012E-04 -0.167295746412E-10 -0.793769016255E-04
 -0.365835606105E-04 -0.644073422505E-04  0.100992997845E-11
  0.204302459765E-04 -0.647285536679E-12  0.734589841670    
  0.732311438411E-01 -0.186333490682E-01 -0.101978096195E-01
 -0.938019207326E-03 -0.213688201392E-02  0.283928170442E-09
  0.807964460371E-03  0.243421448828E-03 -0.697457044841E-10
 -0.158768066926E-03  0.511207414416E-04 -0.578116600411E-11
 -0.536232637542E-04  0.998517124265E-05 -0.303750694682E-11
 -0.152009085170E-04  0.688248823136E-02  0.574697477934E-02
  0.617952910582E-02 -0.117321194475E-09 -0.117361385315E-02
  0.146766393790E-09  0.148457114804E-02  0.172180537724E-02
  0.163207661032E-02 -0.166322740379E-10  0.747842887947E-04
 -0.167311460099E-10  0.793674796794E-04  0.365785570878E-04
  0.644022749762E-04  0.101039035229E-11 -0.204181286143E-04
 -0.647112232852E-12  0.668385567869E-04 -0.166628597073E-03
 -0.115962636663E-03  0.217046632579E-03  0.577271664696E-04
  0.218096527835E-03 -0.554322134583E-11 -0.137912794595E-03
  0.206328672699E-03  0.285570219449E-11 -0.121625119311E-03
 -0.108419790337E-03  0.218035574027E-11  0.670280318883E-04
 -0.941110948786E-05 -0.420175963481E-12  0.827641640986E-05
 -0.216365793699E-03  0.138594171236E-03  0.258630570558E-04
  0.339510234279E-10  0.451088380814E-03 -0.291955462757E-10
 -0.144063730227E-03 -0.184989991010E-04 -0.754134718746E-04
 -0.153768148188E-10  0.146878082542E-03  0.139810637993E-10
  0.170953139456E-04 -0.991048773695E-05  0.492000947275E-06
  0.754399475991E-12 -0.294898317090E-04 -0.306371443779E-12
 -0.668295261972E-04  0.166604446548E-03  0.115936259632E-03
 -0.216995077345E-03 -0.577184333588E-04  0.218069563891E-03
  0.554326632629E-11 -0.137899083549E-03  0.206292057907E-03
 -0.285629050885E-11 -0.121598872193E-03 -0.108396189901E-03
 -0.217966677600E-11  0.670148536530E-04 -0.940937199246E-05
  0.420145595078E-12  0.827507530353E-05  0.216336528029E-03
 -0.138567838152E-03 -0.258567243421E-04  0.339464711769E-10
 -0.451026341435E-03 -0.291948101128E-10  0.144039093586E-03
  0.184907209261E-04  0.753958145764E-04 -0.153751071149E-10
 -0.146851731458E-03  0.139812103663E-10 -0.170922195602E-04
  0.990890329558E-05 -0.491981120493E-06  0.754464941841E-12
  0.294838098593E-04 -0.306668402091E-12 -0.292008966622E-03
 -0.237779259966E-04  0.685757761941E-04  0.651083043036E-05
 -0.395934140836E-04  0.544106010844E-11 -0.242401763455E-04
 -0.170979341606E-03 -0.684743320015E-11 -0.873473590561E-04
 -0.675688289705E-05  0.553529646484E-12  0.759851235080E-05
 -0.125479846091E-03  0.949304595246E-05 -0.228725082652E-04
 -0.144479332980E-10 -0.124964422649E-03 -0.146023329786E-13
  0.291981474202E-03  0.237721649035E-04 -0.685848097027E-04
 -0.650973811571E-05 -0.395900146878E-04 -0.544155847241E-11
 -0.242408859232E-04 -0.170952880770E-03  0.684781047968E-11
 -0.873288080251E-04 -0.675093744135E-05 -0.553640199100E-12
  0.759788462437E-05  0.125463778666E-03 -0.949080645117E-05
  0.228682979162E-04 -0.144482774646E-10  0.124939608509E-03
 -0.154707134103E-13
  
 -0.157737282308E-01  0.325163391136     -0.305895299232E-03
 -0.771855832269E-02 -0.350464299327E-02  0.288980140703    
 -0.871483857956E-10 -0.135506547980      0.239421346465E-02
  0.719933118231E-10  0.455628745422E-02 -0.614851125053E-02
 -0.735964800187E-11  0.302723303233E-02 -0.291766654847E-02
  0.124349349950E-10  0.105096285925E-02  0.260978721668E-01
 -0.794204049583E-02  0.808790337112E-02  0.188634087189E-08
 -0.397201521248E-01 -0.210235254716E-08 -0.310774690892E-03
 -0.272093233491E-02  0.120045886410E-02 -0.345897416356E-09
 -0.944694288444E-02  0.243250487465E-09  0.145816821531E-03
 -0.975758820915E-03 -0.559044658202E-03  0.415401382077E-11
 -0.336531379980E-02  0.276171608045E-11 -0.157734461491E-01
  0.325157951636     -0.305889004187E-03 -0.771858217953E-02
 -0.350460788905E-02 -0.288972978162     -0.871691186422E-10
  0.135501587505     -0.239420752060E-02  0.719959109965E-10
 -0.455623817581E-02  0.614829011174E-02 -0.735690757794E-11
 -0.302712435172E-02  0.291761114581E-02  0.124346174058E-10
 -0.105092115277E-02  0.260972611318E-01 -0.794189178899E-02
  0.808777931139E-02 -0.188636864017E-08 -0.397192764181E-01
  0.210237640407E-08 -0.310763354772E-03 -0.272089229720E-02
  0.120053592374E-02  0.345893399673E-09 -0.944683475077E-02
 -0.243249633198E-09  0.145766446875E-03 -0.975737251721E-03
 -0.559043259899E-03 -0.415415703750E-11 -0.336530231235E-02
 -0.276216169187E-11 -0.803744404514E-02  0.533457267750    
  0.429141915406E-02 -0.220129705981E-01 -0.871770382047E-03
 -0.249259021714      0.495260055194E-09  0.158995903834    
 -0.984516096002E-02 -0.243291370763E-09  0.652071560338E-02
  0.164777508118E-01  0.200736815267E-09 -0.920930624423E-02
  0.171604730884E-02 -0.366413212114E-10 -0.108638556810E-02
  0.249858786483E-01 -0.461344698409E-02  0.155443567254E-02
 -0.466363802147E-08 -0.458164734863E-01 -0.687731654404E-09
  0.530422645598E-02 -0.628608930360E-03  0.951024142615E-03
 -0.105374998188E-09 -0.123213222390E-01  0.433703249289E-10
 -0.257493931306E-02 -0.716721810632E-03 -0.134293662842E-02
 -0.487157672228E-10  0.184413762411E-02  0.380458921153E-10
 -0.803726901500E-02  0.533445888655      0.429134137477E-02
 -0.220125073780E-01 -0.871737014401E-03  0.249253595943    
  0.495259283774E-09 -0.158992510586      0.984494788980E-02
 -0.243288201817E-09 -0.652058357319E-02 -0.164774192948E-01
  0.200732789601E-09  0.920907853237E-02 -0.171601075124E-02
 -0.366409042572E-10  0.108636271450E-02  0.249853137364E-01
 -0.461334973325E-02  0.155437305174E-02  0.466352121265E-08
 -0.458154173434E-01  0.687721227664E-09  0.530410526568E-02
 -0.628587113663E-03  0.951035178050E-03  0.105383083797E-09
 -0.123210827838E-01 -0.433657461272E-10 -0.257488883150E-02
 -0.716700923024E-03 -0.134289854997E-02  0.487149583363E-10
  0.184410318330E-02 -0.380444360525E-10  0.601270431968E-01
  0.878976358026E-03 -0.343639570782E-02 -0.298378876413E-02
  0.678645609862E-03 -0.919900070596E-11  0.186835313039E-03
  0.701515106317E-02 -0.337703059414E-10  0.250471626301E-02
  0.102070309985E-02 -0.842590081624E-11 -0.355497895483E-03
  0.355368630433E-02  0.620952484190E-03  0.313828618976E-03
 -0.431843270658E-10  0.250470246606E-02 -0.109515806319E-09
  0.601263018232E-01  0.878957205429E-03 -0.343616278799E-02
 -0.298375551564E-02 -0.678632889223E-03 -0.919860774622E-11
 -0.186854458716E-03 -0.701504544031E-02 -0.337702558805E-10
 -0.250469360839E-02 -0.102073656318E-02 -0.842586678435E-11
  0.355467554380E-03  0.355362559876E-02  0.620942267204E-03
  0.313815609475E-03  0.431840070427E-10  0.250466119703E-02
  0.109516270895E-09
  
  0.132858316124E-01 -0.259248032278     -0.867630873162E-03
  0.701207140274E-03  0.191577110189E-02 -0.339056132519    
 -0.126803374116E-08  0.231874424309     -0.117841841780E-02
  0.260200057980E-10 -0.158389856099E-02  0.109041773044E-01
  0.991032101337E-10 -0.572606917682E-02  0.257305937268E-02
 -0.177880495412E-10 -0.191985233598E-02 -0.285315538735E-01
  0.685847368926E-02 -0.549033476014E-02  0.863091314420E-09
  0.398763906281E-01 -0.988767896136E-09 -0.490032071682E-03
  0.155136734426E-02  0.343985584069E-02  0.111078918363E-09
  0.555352955396E-02  0.684193980742E-10 -0.227388237686E-02
  0.813321986992E-03 -0.621097770375E-04  0.687295358034E-11
  0.284473354889E-03 -0.511785787827E-10 -0.132861447242E-01
  0.259254592192      0.867651775842E-03 -0.701398730004E-03
 -0.191584310666E-02 -0.339061761090      0.126803481576E-08
  0.231876878409     -0.117849082199E-02 -0.260153870550E-10
 -0.158397721919E-02  0.109043035298E-01 -0.991040213849E-10
 -0.572612732889E-02  0.257311554238E-02  0.177882469644E-10
 -0.191987114215E-02  0.285320601457E-01 -0.685862917247E-02
  0.549048717388E-02  0.863043221571E-09 -0.398771285643E-01
 -0.988720771315E-09  0.490045351425E-03 -0.155141268077E-02
 -0.343981923133E-02  0.111085013823E-09 -0.555373720692E-02
  0.684164573870E-10  0.227388568632E-02 -0.813338024705E-03
  0.621011509854E-04  0.687351038198E-11 -0.284534722698E-03
 -0.511789788350E-10  0.832179330304E-02 -0.559390789056    
 -0.447777372629E-02  0.199253990416E-01  0.173389419090E-02
  0.257532078843     -0.474715094469E-09 -0.157176581423    
  0.104682291612E-01  0.287450472036E-09 -0.634860893456E-02
 -0.145617586057E-01 -0.227542390873E-09  0.987649608710E-02
 -0.173732564310E-02  0.328450707725E-10  0.107849490963E-02
 -0.259617481069E-01  0.410987864217E-02 -0.191088888590E-02
  0.462943306534E-08  0.473346953365E-01  0.794941220742E-09
 -0.647190901590E-02  0.843330846190E-03  0.473726731729E-03
  0.175168446869E-09  0.117253123579E-01 -0.888046347115E-10
  0.210957700797E-02  0.759794154352E-03  0.156984525546E-02
  0.538964226223E-10 -0.150020374758E-02 -0.359737726930E-10
 -0.832195257028E-02  0.559401732818      0.447787223730E-02
 -0.199258035421E-01 -0.173391303730E-02  0.257536996723    
  0.474734898616E-09 -0.157179659229      0.104684277623E-01
 -0.287458558456E-09 -0.634873873015E-02 -0.145620644730E-01
  0.227547642711E-09  0.987666070425E-02 -0.173735974097E-02
 -0.328460354046E-10  0.107851575491E-02  0.259622207147E-01
 -0.410995893256E-02  0.191089854146E-02  0.462950531999E-08
 -0.473355382604E-01  0.794961847881E-09  0.647202548971E-02
 -0.843339653400E-03 -0.473705618489E-03  0.175182677114E-09
 -0.117255646890E-01 -0.888023533954E-10 -0.210962314210E-02
 -0.759804443609E-03 -0.156986680008E-02  0.538979004261E-10
  0.150023804877E-02 -0.359742818403E-10 -0.361687824090E-01
 -0.887214925043E-03  0.107384567557E-01  0.152578093663E-02
 -0.600417548286E-03  0.174064502652E-10  0.861854906048E-03
 -0.507484460335E-02 -0.761309767113E-11 -0.953970606325E-03
  0.149579085769E-02 -0.781009500446E-12  0.134211807367E-02
 -0.290844254178E-02 -0.508563009061E-03 -0.559080242868E-03
  0.227869372813E-10 -0.179779059662E-02  0.290710427251E-11
  0.361700357133E-01  0.887233699546E-03 -0.107385300143E-01
 -0.152584106045E-02 -0.600431131017E-03 -0.174065356566E-10
  0.861848614168E-03 -0.507498959099E-02  0.761253610886E-11
 -0.954020370267E-03  0.149577066842E-02  0.780520920094E-12
  0.134212379083E-02  0.290851611659E-02  0.508576268842E-03
  0.559085522875E-03  0.227883118953E-10  0.179783922685E-02
  0.290954471862E-11
  
 -0.124899499406E-01  0.469175993569      0.683318009349E-02
 -0.173611353172E-01 -0.345170463594E-02 -0.276120567608    
 -0.607507519904E-08  0.489360185993      0.296401005431E-02
  0.697213260874E-10  0.800681172328E-02  0.778716136491E-02
  0.562460553537E-09 -0.856361558808E-02  0.166914343795E-02
  0.683585372211E-11 -0.328886195311E-02 -0.208415958808E-02
  0.549066877502E-03  0.158790243383E-01  0.879806242803E-08
  0.231079662949E-01 -0.956170748895E-08 -0.680282496177E-03
  0.263731291512E-02  0.110152029380E-01 -0.112964708455E-08
  0.587564527154E-02 -0.506158587863E-10 -0.890538469672E-03
  0.269723017799E-03 -0.193644609235E-03  0.299953795510E-09
  0.119246156175E-02 -0.235073663287E-10 -0.124899577144E-01
  0.469176277419      0.683317764615E-02 -0.173611295392E-01
 -0.345170629897E-02  0.276120699103     -0.607507432456E-08
 -0.489359899086     -0.296400673630E-02  0.697211732837E-10
 -0.800681411252E-02 -0.778716319581E-02  0.562462033561E-09
  0.856360727833E-02 -0.166914354341E-02  0.683577693608E-11
  0.328886013994E-02 -0.208415297530E-02  0.549064147010E-03
  0.158790364420E-01 -0.879806560851E-08  0.231079429378E-01
  0.956170504804E-08 -0.680287695893E-03  0.263731129935E-02
  0.110152004823E-01  0.112964271558E-08  0.587564103671E-02
  0.506174969736E-10 -0.890538004554E-03  0.269721525222E-03
 -0.193644682825E-03 -0.299953976624E-09  0.119246035096E-02
  0.235057941835E-10  0.207879196222E-02 -0.302900187017    
 -0.258454612507E-02 -0.418748622383E-02 -0.217587651181E-02
 -0.440076289273E-01  0.338075026978E-09  0.128507198554    
  0.283913161735E-02  0.765544827384E-09  0.680109818036E-04
 -0.166490121732E-02 -0.573778195857E-09 -0.970581373756E-03
  0.461534147998E-04  0.494491970502E-10 -0.603981729958E-03
 -0.745217600353E-02 -0.807511169137E-02  0.334816665282E-02
  0.326166929271E-08 -0.386726194043E-02 -0.107383944512E-08
  0.104229466801E-03 -0.288038598580E-03  0.512729217866E-02
  0.485743794681E-09 -0.431893288206E-02 -0.223740810539E-09
  0.104842015166E-02  0.411663737536E-03  0.839670704931E-03
  0.125361095223E-09 -0.373394791147E-03 -0.118190321476E-09
  0.207879221717E-02 -0.302900364509     -0.258455401859E-02
 -0.418749577837E-02 -0.217587435256E-02  0.440078632423E-01
  0.338069877851E-09 -0.128507120038     -0.283913190738E-02
  0.765545791565E-09 -0.680078007035E-04  0.166489246019E-02
 -0.573777702920E-09  0.970583163477E-03 -0.461539659645E-04
  0.494492194615E-10  0.603980695156E-03 -0.745214662939E-02
 -0.807511589561E-02  0.334815470950E-02 -0.326165516026E-08
 -0.386728695057E-02  0.107382277528E-08  0.104232606549E-03
 -0.288041343021E-03  0.512728534699E-02 -0.485749573130E-09
 -0.431893274495E-02  0.223740004198E-09  0.104841872618E-02
  0.411661818575E-03  0.839668709964E-03 -0.125361592474E-09
 -0.373395047926E-03  0.118190431390E-09  0.268503499634    
 -0.274509647958E-02 -0.132525157734E-01 -0.930380272374E-02
  0.552263629644E-02  0.407533292649E-11  0.502139411287E-02
  0.878393604411E-02 -0.270002102521E-09  0.819036802732E-02
  0.195890739952E-02  0.831814900449E-10  0.156495906512E-02
  0.220664278616E-02  0.129643957382E-03  0.135032013193E-02
 -0.284481103084E-09  0.510414060886E-02 -0.423054584947E-09
  0.268503763766     -0.274509839834E-02 -0.132525352742E-01
 -0.930381287817E-02 -0.552264205464E-02  0.407586508671E-11
 -0.502139709171E-02 -0.878394644593E-02 -0.270001715890E-09
 -0.819037179994E-02 -0.195890764186E-02  0.831821672531E-10
 -0.156495909023E-02  0.220664652439E-02  0.129643825414E-03
  0.135032099710E-02  0.284479766653E-09  0.510414368394E-02
  0.423055577442E-09
  
  0.927535667739E-02 -0.372930829670     -0.282711955421E-02
  0.586260088554E-02 -0.575997851968E-03  0.518957850644    
  0.144198109882E-08  0.311189128458     -0.503694860596E-02
 -0.415158695163E-09 -0.127559518969E-02 -0.103748986218E-01
 -0.166662586347E-09 -0.510900290349E-02 -0.299453412684E-02
  0.892219640231E-10 -0.215469151711E-02 -0.118693617461E-01
 -0.261150794619E-02 -0.416102301145E-02 -0.437772874364E-08
 -0.420038650806E-02  0.477449339354E-08  0.262081667764E-02
 -0.221882268719E-02 -0.297257621559E-02 -0.229347355274E-09
  0.106492152489E-01 -0.656578579855E-09 -0.329965050267E-03
  0.192965771129E-03  0.685833513986E-03  0.150902399243E-10
  0.330025018139E-03  0.128414798598E-09 -0.927534934373E-02
  0.372930567642      0.282711707063E-02 -0.586259751468E-02
  0.575999974171E-03  0.518957487995     -0.144198060151E-08
  0.311189250148     -0.503694345462E-02  0.415159122281E-09
 -0.127559733332E-02 -0.103748850019E-01  0.166660896676E-09
 -0.510900441198E-02 -0.299453192346E-02 -0.892219609627E-10
 -0.215469132955E-02  0.118693761249E-01  0.261150384099E-02
  0.416099371072E-02 -0.437773403177E-08  0.420038483097E-02
  0.477448562904E-08 -0.262081067183E-02  0.221882078785E-02
  0.297256502147E-02 -0.229347313376E-09 -0.106492167163E-01
 -0.656574480250E-09  0.329966843378E-03 -0.192965727831E-03
 -0.685834235538E-03  0.150895663916E-10 -0.330025498194E-03
  0.128413090861E-09 -0.633455972579E-03  0.167758797636    
  0.257370573679E-02  0.883569599753E-02  0.259367487706E-02
  0.302354037300     -0.384178785257E-08  0.102648650683    
 -0.453849682665E-03 -0.843586540871E-09  0.196923813275E-02
 -0.534103313426E-02  0.448662911548E-09  0.431994509200E-03
 -0.119446101224E-02 -0.994929357298E-10 -0.418419219440E-03
 -0.164585071885E-01  0.691021614143E-02  0.139347207095E-01
 -0.453543647703E-08 -0.997658511337E-03 -0.165220898662E-08
 -0.598168889732E-02  0.100880455981E-02  0.393698920009E-02
 -0.715453854222E-09 -0.219743947917E-02  0.872399996945E-10
 -0.160218317762E-03  0.202190339210E-03  0.520490526238E-03
 -0.431277206874E-10 -0.424026906928E-04 -0.174317823282E-11
  0.633454932274E-03 -0.167758529530     -0.257370071181E-02
 -0.883567959720E-02 -0.259367027329E-02  0.302353605467    
  0.384178837994E-08  0.102648584182     -0.453846379004E-03
  0.843586016112E-09  0.196923353968E-02 -0.534102140313E-02
 -0.448659751344E-09  0.431994673765E-03 -0.119445939280E-02
  0.994926020018E-10 -0.418419937658E-03  0.164584794540E-01
 -0.691020582911E-02 -0.139346926683E-01 -0.453541324984E-08
  0.997650781879E-03 -0.165220995726E-08  0.598168277653E-02
 -0.100880214827E-02 -0.393698443919E-02 -0.715457219759E-09
  0.219743642336E-02  0.872352394747E-10  0.160219199037E-03
 -0.202190241638E-03 -0.520490157307E-03 -0.431271412654E-10
  0.424025366314E-04 -0.174252552258E-11 -0.524982571447    
  0.192855274392E-02  0.296796367286E-01  0.175906424529E-01
 -0.108223909744E-01  0.345175874509E-09 -0.459346870099E-02
 -0.194367673286E-01 -0.124365340850E-10 -0.913888925184E-02
 -0.196501824748E-02 -0.128106435861E-10 -0.859811587836E-03
 -0.668052252011E-02 -0.355889475381E-03 -0.132983541699E-02
 -0.233609499147E-09 -0.697778248893E-02  0.715110652281E-10
  0.524982344055     -0.192855017700E-02 -0.296796291234E-01
 -0.175906354928E-01 -0.108223835704E-01 -0.345173629268E-09
 -0.459346849766E-02 -0.194367608069E-01  0.124362492765E-10
 -0.913888179098E-02 -0.196501560917E-02  0.128120682613E-10
 -0.859809986531E-03  0.668052240163E-02  0.355890291089E-03
  0.132983468038E-02 -0.233608247145E-09  0.697777543358E-02
  0.715127152780E-10
  
 -0.281050553756E-02  0.681626181705E-01 -0.725549073864E-02
  0.698367328168E-02  0.164359394613E-02 -0.297929996514    
  0.253235336404E-07 -0.840404249318      0.377762052212E-02
  0.583451529872E-09 -0.914063375308E-02  0.334987198613E-02
 -0.463513769010E-09  0.135760385805E-01  0.619594348955E-03
 -0.184894678216E-09  0.456110937448E-02  0.990955192796E-02
  0.289675675016E-02  0.154596524542E-02 -0.443868288742E-08
  0.249217724110E-03  0.508831768288E-08 -0.620238417607E-02
 -0.190978209501E-02 -0.327325163486E-02  0.133345599930E-08
 -0.537329167496E-02  0.665423022473E-10 -0.132685955067E-02
 -0.748497754526E-03 -0.108718432627E-03 -0.132674866262E-09
 -0.110865153128E-02  0.293341418582E-10 -0.281052220167E-02
  0.681632528898E-01 -0.725547713173E-02  0.698368281239E-02
  0.164360243229E-02  0.297928982134      0.253235430622E-07
  0.840404351924     -0.377763468697E-02  0.583452018010E-09
  0.914063254326E-02 -0.334985582985E-02 -0.463512932039E-09
 -0.135760259455E-01 -0.619587990911E-03 -0.184895454969E-09
 -0.456110978856E-02  0.990963280323E-02  0.289676411984E-02
  0.154593064524E-02  0.443868300086E-08  0.249240869290E-03
 -0.508833320091E-08 -0.620236748260E-02 -0.190977580248E-02
 -0.327327157776E-02 -0.133345466125E-08 -0.537327870567E-02
 -0.665330890914E-10 -0.132685088664E-02 -0.748497902038E-03
 -0.108723223000E-03  0.132674756621E-09 -0.110864896168E-02
 -0.293396868554E-10 -0.201351093974E-03 -0.117709074311    
 -0.187857435174E-02 -0.874970971009E-02 -0.282034519404E-02
 -0.533031107867      0.255935488146E-07 -0.283920619827    
 -0.379965752365E-02  0.127668750561E-08 -0.555152716828E-02
  0.884508855695E-02 -0.494219495560E-09  0.187385274636E-02
  0.175134924054E-02  0.919662250661E-10  0.101571305023E-02
  0.291963930884E-01 -0.755393361059E-02 -0.198904267015E-01
  0.592890486211E-08  0.837687417517E-03  0.363905289514E-08
  0.112178999994E-01 -0.227630287520E-02 -0.970624751874E-02
  0.160443628121E-09  0.793650875293E-02  0.696972622032E-09
 -0.570308094742E-03 -0.326901699273E-03 -0.216263438007E-03
 -0.442374132345E-10  0.207310166135E-04  0.770665507160E-10
 -0.201350120517E-03 -0.117709695680     -0.187856387243E-02
 -0.874977687185E-02 -0.282037120148E-02  0.533031875104    
  0.255935815667E-07  0.283919020288      0.379966549289E-02
  0.127669021599E-08  0.555150669468E-02 -0.884510666962E-02
 -0.494215981076E-09 -0.187381916985E-02 -0.175135296882E-02
  0.919671021447E-10 -0.101570829537E-02  0.291963705910E-01
 -0.755398131547E-02 -0.198903754051E-01 -0.592889672198E-08
  0.837555757493E-03 -0.363903212174E-08  0.112179066980E-01
 -0.227630330997E-02 -0.970621966210E-02 -0.160454013921E-09
  0.793647548573E-02 -0.696976745444E-09 -0.570306901201E-03
 -0.326901297264E-03 -0.216263135770E-03  0.442402111849E-10
  0.207325565202E-04 -0.770654577152E-10  0.396797365829    
  0.686862206597E-03 -0.197171688324E-01 -0.135331500454E-01
  0.961591566412E-02 -0.228137571507E-09 -0.110793604731E-02
  0.148071326304E-01  0.369859262884E-09  0.226955606222E-02
  0.127868980215E-02  0.430478756504E-10 -0.735651249882E-03
  0.490285516460E-02  0.655912456113E-03 -0.129813051840E-03
  0.414339059353E-09  0.468129829709E-02  0.427807829138E-09
  0.396797463825      0.686864905017E-03 -0.197171924791E-01
 -0.135331543921E-01 -0.961591444038E-02 -0.228135227327E-09
  0.110793511845E-02 -0.148071424696E-01  0.369857819425E-09
 -0.226955340266E-02 -0.127868661326E-02  0.430502431298E-10
  0.735655269396E-03  0.490286266875E-02  0.655915538849E-03
 -0.129813028239E-03 -0.414337091056E-09  0.468129729942E-02
 -0.427805965999E-09
  
  0.490016379954E-02 -0.162700515974     -0.612040631164E-02
 -0.171142034704E-01 -0.353258870353E-02 -0.604833354736    
 -0.106096382363E-07  0.103257852966     -0.474784997214E-02
 -0.238777617371E-09  0.176147484262E-02  0.718897063071E-02
 -0.259333373307E-11  0.449432206802E-02  0.323696794100E-02
  0.277280161300E-09 -0.117119597971E-02 -0.196517331350E-01
  0.443300946419E-03 -0.278834493853E-02  0.477025491997E-08
  0.208573016522E-01 -0.462187607299E-08 -0.343152612327E-02
 -0.868747685521E-03  0.465439588347E-02 -0.138008950865E-08
 -0.570378618895E-02  0.149011638282E-08 -0.456743114893E-02
  0.371371818376E-03  0.243859818424E-03  0.642051287197E-10
  0.696933943226E-03 -0.200355625079E-09 -0.490015316678E-02
  0.162700264188      0.612042112250E-02  0.171140973062E-01
  0.353258067318E-02 -0.604832612942      0.106094949821E-07
  0.103255803365     -0.474783738827E-02  0.238776715438E-09
  0.176146375762E-02  0.718899092515E-02  0.259622697811E-11
  0.449433147267E-02  0.323695503240E-02 -0.277279261227E-09
 -0.117118290980E-02  0.196516461119E-01 -0.443293143220E-03
  0.278834408838E-02  0.477023582094E-08 -0.208571790969E-01
 -0.462185634436E-08  0.343154522440E-02  0.868758870218E-03
 -0.465437522390E-02 -0.138008284599E-08  0.570380565794E-02
  0.149011570623E-08  0.456742601688E-02 -0.371366613966E-03
 -0.243858829034E-03  0.642049656628E-10 -0.696907970224E-03
 -0.200354834658E-09  0.166642299709E-03  0.295818364347    
 -0.473459940240E-02  0.439845014096E-01  0.148677472921E-01
  0.648607051013     -0.183740362933E-07 -0.616466301066    
  0.643095144901E-02 -0.180747599707E-08 -0.563880644281E-02
 -0.214301135627E-01  0.945807085201E-09  0.168272497047E-01
 -0.279684195176E-02 -0.297423409549E-09  0.256247451641E-02
 -0.186139573646E-01  0.252389560185E-01 -0.566960292944E-02
 -0.915988841313E-08  0.629206273490E-01  0.529289641084E-08
 -0.638141362835E-02  0.131664367981E-02 -0.584773649056E-02
 -0.106752888570E-08  0.123388786451E-01  0.703245950714E-09
  0.158102137682E-02  0.616132940083E-03  0.816908773062E-03
 -0.411704290761E-10 -0.182265901761E-02  0.942887054843E-10
 -0.166640657218E-03 -0.295817635523      0.473460294079E-02
 -0.439843273902E-01 -0.148677126504E-01  0.648604679527    
  0.183738333807E-07 -0.616465309157      0.643093269324E-02
  0.180747130881E-08 -0.563879949045E-02 -0.214300063760E-01
 -0.945802121087E-09  0.168271844105E-01 -0.279682989653E-02
  0.297423185987E-09  0.256246678678E-02  0.186138477557E-01
 -0.252388746326E-01  0.566960512144E-02 -0.915981792688E-08
 -0.629204441832E-01  0.529284931688E-08  0.638140253185E-02
 -0.131662699489E-02  0.584774501231E-02 -0.106753949829E-08
 -0.123388803569E-01  0.703249654667E-09 -0.158100394501E-02
 -0.616124608122E-03 -0.816895767233E-03 -0.411711335658E-10
  0.182264768564E-02  0.942873177075E-10  0.161309885073    
 -0.683936786952E-03  0.302626477319E-02 -0.489409069937E-02
  0.263156289602E-02 -0.274482080856E-09  0.293664732204E-02
  0.286513033585E-02  0.219027961818E-10  0.368059546829E-02
  0.241810019364E-02 -0.138118137244E-09  0.272511736966E-02
 -0.165322884971E-03 -0.408665408919E-03  0.211864328802E-03
  0.177943456118E-10  0.149424452010E-02 -0.319696166756E-09
 -0.161310171444      0.683927930167E-03 -0.302625280410E-02
  0.489410842515E-02  0.263156901708E-02  0.274480527610E-09
  0.293663906390E-02  0.286515592907E-02 -0.219045833096E-10
  0.368059538411E-02  0.241810487692E-02  0.138117317080E-09
  0.272511073658E-02  0.165308818524E-03  0.408661991637E-03
 -0.211863063557E-03  0.177964116083E-10 -0.149425276554E-02
 -0.319695519453E-09
  
 -0.195366212566E-09  0.121986568405E-07  0.154360116636E-08
  0.367914392486E-08  0.193152488475E-09  0.193737548164E-06
  0.764091253647     -0.148767284386E-07  0.260894989564E-08
  0.966348582389E-02 -0.993487021091E-09 -0.203667154501E-08
 -0.663669318353E-02  0.936170306008E-10 -0.585290616265E-09
 -0.373204685782E-02  0.159041057675E-09  0.101989456121E-08
  0.295742337564E-08 -0.384038956391E-08  0.265882054299E-01
 -0.551926087203E-08 -0.110049027562E-01  0.151051005216E-09
  0.427626997951E-09 -0.591606108699E-09  0.132306038129E-01
 -0.507257015922E-08  0.478158072699E-02  0.441351997710E-09
 -0.161873673546E-09  0.158077296399E-09  0.126630217159E-02
  0.118983403515E-08  0.584967274384E-03 -0.195313162033E-09
  0.121989663702E-07  0.154358348117E-08  0.367895453155E-08
  0.193026345205E-09 -0.193738019061E-06  0.764089349083    
  0.148768267193E-07 -0.260894180036E-08  0.966347042717E-02
  0.993476246890E-09  0.203671164897E-08 -0.663666724400E-02
 -0.936550098756E-10  0.585302701780E-09 -0.373203785510E-02
 -0.159025929528E-09  0.101985468190E-08  0.295737667714E-08
 -0.384042923243E-08 -0.265880443217E-01 -0.551927825351E-08
  0.110047764960E-01  0.151043769698E-09  0.427625003005E-09
 -0.591609280805E-09 -0.132305522709E-01 -0.507255800854E-08
 -0.478162555786E-02  0.441323494593E-09 -0.161866664176E-09
  0.158067824391E-09 -0.126629589191E-02  0.118984459652E-08
 -0.584970686246E-03  0.686136903327E-09 -0.486153121538E-07
  0.389192598747E-08 -0.114096507888E-07 -0.442775300982E-08
 -0.171661486412E-06  0.784592444935      0.157258203055E-06
 -0.324270955171E-08  0.106088279503E-01  0.277198900673E-08
  0.620787706391E-08 -0.390606002550E-02 -0.502645208101E-08
  0.476663254033E-09 -0.168031516023E-02 -0.636479018600E-09
 -0.463742322746E-09 -0.363190851484E-08 -0.469380265530E-08
 -0.409584442022E-01 -0.168078541064E-07  0.281280825802E-01
  0.152369796040E-08  0.270332309570E-08  0.271601287920E-08
 -0.247577427553E-01 -0.400981352232E-08  0.150412166258E-01
 -0.121100654422E-09  0.672384843033E-09 -0.866206606503E-10
 -0.157281548613E-02  0.102586819472E-08  0.986211547369E-03
  0.686127240055E-09 -0.486155559021E-07  0.389192296334E-08
 -0.114095442529E-07 -0.442768068283E-08  0.171662076326E-06
  0.784589438535     -0.157258465287E-06  0.324269298250E-08
  0.106087825968E-01 -0.277198174800E-08 -0.620780740837E-08
 -0.390603849078E-02  0.502640851773E-08 -0.476655065008E-09
 -0.168030959842E-02  0.636467521429E-09 -0.463703026189E-09
 -0.363194282136E-08 -0.469377629182E-08  0.409582483402E-01
 -0.168078729531E-07 -0.281279636429E-01  0.152370804004E-08
  0.270330879934E-08  0.271600913676E-08  0.247576577247E-01
 -0.400983771247E-08 -0.150411635182E-01 -0.121087488975E-09
  0.672384398428E-09 -0.866133400622E-10  0.157281078376E-02
  0.102585491923E-08 -0.986207646393E-03 -0.982852685494E-07
  0.115810447420E-08  0.243959984945E-08  0.311780591250E-08
 -0.227686698329E-08  0.387540231478E-02 -0.109572221590E-08
 -0.490938867561E-09  0.719659320233E-02 -0.783035794516E-09
 -0.814087901475E-09  0.163540757865E-02 -0.115046022050E-09
  0.576855644134E-09  0.263741514235E-09 -0.378773279179E-09
  0.471697453533E-02 -0.361011018805E-09  0.271362576021E-02
 -0.982854261480E-07  0.115810063752E-08  0.243968465579E-08
  0.311780952750E-08  0.227687521939E-08  0.387539467644E-02
  0.109572806968E-08  0.490933664398E-09  0.719657811037E-02
  0.783035703698E-09  0.814069897453E-09  0.163540548235E-02
  0.115032113308E-09  0.576854452223E-09  0.263738039761E-09
 -0.378771689656E-09 -0.471696638835E-02 -0.361012659086E-09
 -0.271362110315E-02
  
  0.237863770442E-02 -0.497218014851E-01 -0.439492928999E-02
 -0.146549683579E-01 -0.397889310793E-03 -0.693823632160    
  0.204600021919E-06  0.157542927185     -0.538187727225E-02
  0.211433332791E-08  0.375705539315E-03  0.503439168692E-02
 -0.176282029578E-08  0.822051842573E-03  0.433371341056E-02
 -0.840829004552E-09 -0.105620496343E-02 -0.174414422703E-01
  0.305744784388E-02 -0.149385684532E-02  0.115041700972E-07
  0.472897435936E-01 -0.663749756029E-08 -0.118570897101E-02
  0.913882464794E-03  0.225285388549E-02  0.187516385389E-08
  0.110778101979E-01  0.175644424433E-08 -0.149465568681E-02
  0.449353353377E-03 -0.638203017271E-05  0.305281984301E-09
  0.554254416749E-02  0.123170872862E-09  0.237864782760E-02
 -0.497221270776E-01 -0.439494314045E-02 -0.146549303467E-01
 -0.397877990815E-03  0.693824840191      0.204599400198E-06
 -0.157543118133      0.538189038053E-02  0.211432661947E-08
 -0.375719225924E-03 -0.503441837970E-02 -0.176281125672E-08
 -0.822032848297E-03 -0.433372041054E-02 -0.840825142162E-09
  0.105620295424E-02 -0.174414497011E-01  0.305743594426E-02
 -0.149386603085E-02 -0.115041249522E-07  0.472897482115E-01
  0.663746044366E-08 -0.118572804492E-02  0.913878058087E-03
  0.225285641917E-02 -0.187514408267E-08  0.110777975740E-01
 -0.175646059140E-08 -0.149464994144E-02  0.449351120218E-03
 -0.638165489436E-05 -0.305281075741E-09  0.554253911382E-02
 -0.123173681488E-09  0.473302727026E-03  0.204466249612    
 -0.639336202114E-02  0.428327697322E-01  0.124323937906E-01
  0.713430840197      0.205050279078E-06 -0.568716864623    
  0.744409941479E-02  0.979357363712E-09 -0.703193641097E-02
 -0.247233466797E-01  0.129689015934E-09  0.159233267280E-01
 -0.277031183683E-02 -0.810329217174E-09  0.217324448203E-02
 -0.237799171882E-01  0.231303906737E-01 -0.161245010676E-02
 -0.203996150063E-07  0.627400013342E-01  0.119723946973E-07
 -0.488248235718E-02  0.101994926861E-02 -0.539004830582E-02
 -0.811073332276E-08  0.128785213555E-01  0.524454610631E-08
  0.256461607554E-02  0.667142790359E-03  0.134524706265E-02
 -0.592272692140E-09 -0.242426077439E-02  0.330547433118E-09
  0.473302754016E-03  0.204466817455     -0.639338522407E-02
  0.428327823057E-01  0.124324100292E-01 -0.713432409692    
  0.205049338615E-06  0.568717668895     -0.744412442673E-02
  0.979336526539E-09  0.703194438454E-02  0.247233489316E-01
  0.129695618591E-09 -0.159233194362E-01  0.277031429060E-02
 -0.810328824983E-09 -0.217324377682E-02 -0.237799493393E-01
  0.231304247167E-01 -0.161242555270E-02  0.203995327772E-07
  0.627400612876E-01 -0.119723252618E-07 -0.488252328753E-02
  0.101994281856E-02 -0.539006019093E-02  0.811072008949E-08
  0.128785585825E-01 -0.524453346613E-08  0.256460924614E-02
  0.667137090976E-03  0.134523883723E-02  0.592271694235E-09
 -0.242425789816E-02 -0.330544352051E-09  0.321228600479    
 -0.266426384090E-02 -0.157051279195E-01 -0.839365225151E-02
  0.645021026384E-02  0.887156217945E-09  0.348969722443E-02
  0.313501611775E-02  0.182293331776E-08  0.472276540167E-02
 -0.430366661286E-03  0.302294016860E-09  0.141442208337E-02
 -0.855780766715E-03 -0.515556105121E-03  0.960783225470E-03
  0.101026864197E-08  0.265229145698E-02  0.301351926867E-09
  0.321228982395     -0.266426047186E-02 -0.157051574248E-01
 -0.839366238047E-02 -0.645021340658E-02  0.887153655219E-09
 -0.348970396825E-02 -0.313502556767E-02  0.182292883677E-08
 -0.472277909144E-02  0.430369559891E-03  0.302294364929E-09
 -0.141442040722E-02 -0.855776292525E-03 -0.515556008360E-03
  0.960785442174E-03 -0.101026690437E-08  0.265229916012E-02
 -0.301348089294E-09
  
 -0.123674948030E-09  0.678569398750E-08  0.104027579039E-08
 -0.761402818705E-08 -0.328428666598E-08  0.969836777862E-08
 -0.581450419335     -0.252669590329E-08 -0.226872577670E-08
 -0.583443058837E-02  0.178646229902E-08 -0.753942638617E-09
  0.501653124885E-02 -0.917840093066E-09 -0.312964962096E-09
  0.244347508425E-02 -0.613956962957E-09  0.147433252212E-08
 -0.113971576037E-08  0.476697108789E-09 -0.358148814348E-01
 -0.850380814357E-09  0.294231378390E-01 -0.728306981732E-09
  0.638272002400E-09 -0.421971645786E-09 -0.168954486353E-01
  0.124862104257E-08  0.137463043652E-01 -0.342081140595E-09
  0.518110365680E-09 -0.383772034477E-09 -0.185654395395E-02
 -0.574309923334E-10  0.127740187740E-02  0.123707773650E-09
 -0.678558679807E-08 -0.104033164548E-08  0.761404174415E-08
  0.328428866472E-08  0.969842472393E-08  0.581452679541    
 -0.252682604478E-08 -0.226873038008E-08  0.583446420787E-02
  0.178645907623E-08 -0.753917760255E-09 -0.501653905466E-02
 -0.917848789442E-09 -0.312949679080E-09 -0.244348404363E-02
 -0.613956026651E-09 -0.147436518710E-08  0.113970969411E-08
 -0.476726590489E-09 -0.358149020675E-01  0.850404936631E-09
  0.294231232863E-01  0.728285981381E-09 -0.638283384857E-09
  0.421957243562E-09 -0.168954882172E-01 -0.124863179961E-08
  0.137462812888E-01  0.342078183429E-09 -0.518116346627E-09
  0.383762029439E-09 -0.185654598738E-02  0.574526732897E-10
  0.127739868902E-02 -0.789251855224E-09 -0.846974127833E-08
 -0.204598370158E-08  0.530416300296E-08  0.107968341326E-08
 -0.392645623360E-08 -0.988882424330      0.212506887743E-07
  0.180536698516E-08 -0.128625945001E-01 -0.139136296512E-11
 -0.319147037854E-08  0.316824313796E-02  0.191274676580E-08
  0.259161905420E-09  0.906682157789E-03  0.116183996814E-09
  0.563832696598E-08 -0.323207079195E-08  0.619637060542E-08
  0.435210746563E-01  0.799948082563E-09 -0.262538550066E-01
  0.723657823037E-09 -0.391132427617E-08  0.173106253502E-09
  0.247850268566E-01 -0.195596738489E-08 -0.148375107977E-01
  0.125301477476E-09 -0.478036232375E-09  0.414009366715E-10
  0.185811775314E-02 -0.664454457175E-09 -0.135531960169E-02
  0.789244493335E-09  0.846974998597E-08  0.204602831643E-08
 -0.530415889692E-08 -0.107964619484E-08 -0.392659145170E-08
  0.988884774244      0.212508258086E-07  0.180536413878E-08
  0.128626182061E-01 -0.139454833476E-11 -0.319144061919E-08
 -0.316824279848E-02  0.191274504034E-08  0.259167104927E-09
 -0.906685450445E-03  0.116180089051E-09 -0.563834376995E-08
  0.323205712609E-08 -0.619637089425E-08  0.435211334767E-01
 -0.799945038670E-09 -0.262539107481E-01 -0.723649698409E-09
  0.391134667264E-08 -0.173095392906E-09  0.247850950322E-01
  0.195595954194E-08 -0.148375495547E-01 -0.125289665875E-09
  0.478042851735E-09 -0.413954780293E-10  0.185812404848E-02
  0.664454564833E-09 -0.135532307626E-02  0.289697423872E-08
  0.166038738116E-09  0.177236452613E-08 -0.272506023192E-09
 -0.322560163982E-09 -0.249859289709E-02 -0.261027005867E-09
  0.650235209435E-09 -0.534552751037E-02  0.470862368684E-09
  0.610337084408E-09 -0.757611516025E-03  0.164798193444E-09
  0.351372436970E-09  0.169812609680E-09  0.443784114196E-09
 -0.310851064231E-02 -0.594744977320E-10 -0.190606216695E-02
 -0.289696898982E-08 -0.166032077469E-09 -0.177241774539E-08
  0.272488250398E-09 -0.322555268736E-09  0.249860520213E-02
 -0.261025594490E-09  0.650227593114E-09  0.534555221975E-02
  0.470857929943E-09  0.610351671102E-09  0.757617028160E-03
  0.164803458107E-09 -0.351362176470E-09 -0.169806035050E-09
 -0.443776626308E-09 -0.310852737372E-02  0.594776929840E-10
 -0.190607217405E-02
  
  0.218900388724E-02 -0.147306262721     -0.137426229167E-02
 -0.622251225499E-03 -0.125164732404E-01  0.190268423534    
 -0.101536478406E-07 -0.242723464904      0.166491665355E-02
 -0.117948647099E-09 -0.260610246554E-03  0.103706499783E-02
 -0.126499516991E-09  0.650891802735E-02 -0.124572442239E-02
 -0.144963880679E-09 -0.994731824671E-03 -0.223110123479E-01
 -0.604357348685E-02  0.216986894397E-01 -0.205952921413E-08
 -0.423676345568E-01  0.241343240910E-08 -0.171237811331E-01
 -0.219903737849E-02  0.157616448121E-01 -0.224432462619E-09
 -0.107849706649E-01 -0.158102257360E-09 -0.291288604042E-02
 -0.233457836761E-03  0.377215038792E-02 -0.102765461971E-09
 -0.336334357215E-02 -0.143532221937E-09 -0.218900414318E-02
  0.147306283686      0.137425608356E-02  0.622278806122E-03
  0.125164594950E-01  0.190268121928      0.101537742295E-07
 -0.242723883789      0.166492374278E-02  0.117949663211E-09
 -0.260619335019E-03  0.103704314734E-02  0.126501130053E-09
  0.650891862369E-02 -0.124572094982E-02  0.144963554060E-09
 -0.994736594870E-03  0.223109811184E-01  0.604357062017E-02
 -0.216986492533E-01 -0.205953114435E-08  0.423675829859E-01
  0.241343372979E-08  0.171237824881E-01  0.219903300306E-02
 -0.157616440479E-01 -0.224434256220E-09  0.107849858931E-01
 -0.158105694176E-09  0.291288726873E-02  0.233454199186E-03
 -0.377215662656E-02 -0.102767558298E-09  0.336335216950E-02
 -0.143531721628E-09 -0.699689369498E-04  0.155021343011E-02
  0.395594798774E-02 -0.587858964021E-02 -0.231942507645E-03
 -0.701449603840     -0.100854779718E-07 -0.833221386181    
 -0.105763267320E-01  0.110767799752E-08 -0.730549085236E-02
  0.503520509387E-02 -0.456765009393E-09  0.190943933455E-03
 -0.374370398669E-03  0.187421404869E-09 -0.552334543199E-03
  0.220448827443E-01 -0.381914727605E-02 -0.173538776090E-01
  0.811829841547E-08  0.795773042942E-02  0.806415990643E-08
  0.118374967205E-01  0.395284797013E-03 -0.794470856906E-02
  0.143663167184E-08  0.728385502014E-02  0.117808354332E-08
 -0.488679798655E-03  0.581539363166E-04 -0.188806967493E-03
  0.106888000554E-09  0.413198906690E-03  0.931486046495E-10
  0.699668854647E-04 -0.155018454493E-02 -0.395594461846E-02
  0.587856215945E-02  0.231963694752E-03 -0.701449650202    
  0.100855035163E-07 -0.833222002890     -0.105763219294E-01
 -0.110767770324E-08 -0.730549937785E-02  0.503518517661E-02
  0.456759094604E-09  0.190964845310E-03 -0.374364850701E-03
 -0.187421825609E-09 -0.552331700214E-03 -0.220448418396E-01
  0.381915035697E-02  0.173538627141E-01  0.811828324228E-08
 -0.795774894280E-02  0.806412705241E-08 -0.118375057579E-01
 -0.395280741326E-03  0.794470587426E-02  0.143664510477E-08
 -0.728386292286E-02  0.117809539448E-08  0.488676697143E-03
 -0.581574843979E-04  0.188798645236E-03  0.106885150078E-09
 -0.413191671062E-03  0.931477412047E-10 -0.282404824501    
  0.246750457888E-02  0.148270555467E-01  0.633447147520E-02
 -0.326701333277E-02  0.253309469940E-09 -0.687989588820E-02
 -0.105536881059E-02 -0.244561807780E-09  0.816419296318E-03
  0.149290359447E-02 -0.264952417383E-10  0.199901219210E-02
 -0.907172054392E-03  0.133763444886E-03  0.368224154036E-02
 -0.325555025637E-09  0.327445676438E-02  0.651711061819E-10
  0.282404413336     -0.246751467472E-02 -0.148270388312E-01
 -0.633445951801E-02 -0.326700967234E-02 -0.253306210434E-09
 -0.687989606671E-02 -0.105534849690E-02  0.244562489493E-09
  0.816422617445E-03  0.149290198104E-02  0.264976788583E-10
  0.199901049806E-02  0.907163277240E-03 -0.133768445893E-03
 -0.368224251251E-02 -0.325556657763E-09 -0.327446342730E-02
  0.651710580895E-10
  
 -0.840613058096E-03  0.106731473481      0.744524148695E-02
 -0.802283160186E-02  0.788261893761E-02  0.937491402913E-01
 -0.151506856202E-07  0.495597162666      0.185262254473E-02
 -0.272821725143E-09  0.510707396618E-02 -0.327348414679E-02
  0.108634241411E-09 -0.243036897593E-02  0.132006101373E-02
  0.509730188470E-11 -0.352102779884E-02 -0.314271497921E-01
  0.289954117051E-02  0.303311677935E-01  0.519291516028E-08
 -0.206365745738E-01 -0.487693274709E-08 -0.165169721567E-01
  0.447801983613E-02  0.176431056881E-01 -0.790686236001E-09
 -0.132772384635E-01 -0.445921988525E-09 -0.284593158103E-02
  0.165510458787E-02  0.319540360353E-02 -0.291110551653E-11
 -0.884458921177E-03 -0.557864412896E-10 -0.840613628050E-03
  0.106731581425      0.744524429174E-02 -0.802280009369E-02
  0.788264351029E-02 -0.937490199070E-01 -0.151507803582E-07
 -0.495597444446     -0.185261804834E-02 -0.272823498089E-09
 -0.510707664659E-02  0.327347647389E-02  0.108635210301E-09
  0.243035968616E-02 -0.132006101704E-02  0.509723006361E-11
  0.352102538315E-02 -0.314271135844E-01  0.289954237958E-02
  0.303311327180E-01 -0.519291434476E-08 -0.206365621868E-01
  0.487692978580E-08 -0.165169767912E-01  0.447802383091E-02
  0.176431014091E-01  0.790686726232E-09 -0.132772444894E-01
  0.445918494253E-09 -0.284593396077E-02  0.165510569949E-02
  0.319541168942E-02  0.291130845633E-11 -0.884463686473E-03
  0.557878079285E-10  0.250866014081E-03  0.175283705420E-02
  0.209189630111E-02  0.834268485019E-02 -0.659805692911E-02
 -0.420098540741      0.120524263761E-07 -0.917319201175    
 -0.384120325068E-02  0.949832049455E-09 -0.891069178247E-02
 -0.634316377366E-02 -0.135363054155E-09  0.159895936888E-02
 -0.103643202806E-02  0.140497176060E-09 -0.287370108301E-02
  0.355261839615E-02  0.174022327843E-02 -0.849444299405E-02
  0.454192925800E-08  0.117010675252E-01  0.976995518527E-08
  0.535433041851E-02  0.143934716050E-02 -0.337529012655E-02
  0.660363871509E-09  0.361914773405E-02  0.156271405797E-08
  0.205917523848E-02  0.129275764652E-02  0.104306630010E-02
  0.582105594568E-11 -0.128391008710E-02  0.166855005878E-09
  0.250867959443E-03  0.175285530342E-02  0.209188934456E-02
  0.834268138972E-02 -0.659806463624E-02  0.420098160698    
  0.120523706914E-07  0.917319434575      0.384120092537E-02
  0.949831660953E-09  0.891068739465E-02  0.634316031926E-02
 -0.135361142231E-09 -0.159896080633E-02  0.103642445028E-02
  0.140496946066E-09  0.287370182878E-02  0.355258748101E-02
  0.174021566871E-02 -0.849442206376E-02 -0.454192199111E-08
  0.117010561558E-01 -0.976991013753E-08  0.535432800360E-02
  0.143934124549E-02 -0.337528321132E-02 -0.660373348129E-09
  0.361914178015E-02 -0.156272684446E-08  0.205917068228E-02
  0.129275735381E-02  0.104306667955E-02 -0.582023996785E-11
 -0.128391058120E-02 -0.166852809720E-09 -0.363188289032    
  0.341429291317E-02  0.864414297842E-02  0.180602998443E-02
 -0.338197841656E-02  0.397656138083E-09 -0.192926040837E-02
  0.145937194807E-02 -0.443673284488E-09  0.342030330687E-02
  0.836872864783E-03 -0.101162078859E-09  0.119525617859E-02
 -0.449710967063E-06  0.718159004413E-03  0.283293064958E-02
 -0.526367890874E-09  0.361811557356E-02 -0.420977932108E-09
 -0.363188087079      0.341429975594E-02  0.864414388498E-02
  0.180602841263E-02  0.338197891814E-02  0.397652133477E-09
  0.192926010131E-02 -0.145937959440E-02 -0.443672385432E-09
 -0.342031617559E-02 -0.836875532363E-03 -0.101164705855E-09
 -0.119526026989E-02 -0.444071834761E-06  0.718163893356E-03
  0.283293511625E-02  0.526367834801E-09  0.361812511482E-02
  0.420976572103E-09
