           6
   0.0000000000000000        0.0000000000000000       -1.4368630000000000     
          20           1
   5.1730465500000003E-002  -2.0136588852502038     
  0.10346093100000001        3.1713674887381291     
  0.20692186200000001       -4.5132020932686334     
  0.41384372400000002        3.7745676623515028     
  0.82768744800000005       -4.9061193406020811     
   1.6553748960000001        3.0313786450625928     
   3.3107497920000002       -3.2502317189779633     
   6.6214995840000004        1.6019555081444463     
   13.242999168000001       -2.5365250508177031     
   26.485998336000002        1.7118252969161785     
   52.971996672000003       -2.2411288847875519     
   105.94399334400001        1.3855432294940180     
   211.88798668800001       -1.5113856524994187     
   423.77597337600002        1.0259041105072897     
   847.55194675200005      -0.97216741481407398     
   1695.1038935040001       0.64025337786896275     
   3390.2077870080002      -0.49534589265599083     
   6780.4155740160004       0.21656769561075515     
   13560.831148032001       -7.0968983811020778E-002
   27121.662296064002       -3.8271697200255250E-002
  
   0.0000000000000000        0.0000000000000000        1.4368630000000000     
          20           1
   5.1730465500000003E-002  -2.0136588852502038     
  0.10346093100000001        3.1713674887381291     
  0.20692186200000001       -4.5132020932686334     
  0.41384372400000002        3.7745676623515028     
  0.82768744800000005       -4.9061193406020811     
   1.6553748960000001        3.0313786450625928     
   3.3107497920000002       -3.2502317189779633     
   6.6214995840000004        1.6019555081444463     
   13.242999168000001       -2.5365250508177031     
   26.485998336000002        1.7118252969161785     
   52.971996672000003       -2.2411288847875519     
   105.94399334400001        1.3855432294940180     
   211.88798668800001       -1.5113856524994187     
   423.77597337600002        1.0259041105072897     
   847.55194675200005      -0.97216741481407398     
   1695.1038935040001       0.64025337786896275     
   3390.2077870080002      -0.49534589265599083     
   6780.4155740160004       0.21656769561075515     
   13560.831148032001       -7.0968983811020778E-002
   27121.662296064002       -3.8271697200255250E-002
  
   1.9423180000000000        0.0000000000000000       -2.6207199999999999     
          21           1
   7.0294657999999996E-002  -1.7251152445678908     
  0.14058931599999999        2.5852741706632778     
  0.28117863199999998       -3.8706175362116615     
  0.56235726399999997        3.0923875773211376     
   1.1247145279999999       -4.6992942371343664     
   2.2494290559999999        1.9730604427594742     
   4.4988581119999997       -3.3913749440146868     
   8.9977162239999995        1.8931339684925654     
   17.995432447999999       -3.1935109155224510     
   35.990864895999998        1.7353303488412064     
   71.981729791999996       -2.2032448805243363     
   143.96345958399999        1.1116914495827255     
   287.92691916799998       -1.4050920539449605     
   575.85383833599997       0.87038529921025576     
   1151.7076766719999      -0.94984023261247874     
   2303.4153533439999       0.66402617955944010     
   4606.8307066879997      -0.66513093563352843     
   9213.6614133759995       0.49124839266894205     
   18427.322826751999      -0.44031565791174615     
   36854.645653503998       0.26590061882720489     
   73709.291307007996      -0.13116131086664304     
  
  -1.9423180000000000        0.0000000000000000        2.6207199999999999     
          21           1
   7.0294657999999996E-002  -1.7251152445678908     
  0.14058931599999999        2.5852741706632778     
  0.28117863199999998       -3.8706175362116615     
  0.56235726399999997        3.0923875773211376     
   1.1247145279999999       -4.6992942371343664     
   2.2494290559999999        1.9730604427594742     
   4.4988581119999997       -3.3913749440146868     
   8.9977162239999995        1.8931339684925654     
   17.995432447999999       -3.1935109155224510     
   35.990864895999998        1.7353303488412064     
   71.981729791999996       -2.2032448805243363     
   143.96345958399999        1.1116914495827255     
   287.92691916799998       -1.4050920539449605     
   575.85383833599997       0.87038529921025576     
   1151.7076766719999      -0.94984023261247874     
   2303.4153533439999       0.66402617955944010     
   4606.8307066879997      -0.66513093563352843     
   9213.6614133759995       0.49124839266894205     
   18427.322826751999      -0.44031565791174615     
   36854.645653503998       0.26590061882720489     
   73709.291307007996      -0.13116131086664304     
  
  -1.8834340000000001        0.0000000000000000       -2.3199519999999998     
          12           1
   4.9919669900000005E-002  -1.3281356014053749     
   9.9839339800000010E-002   1.8539870183107376     
  0.19967867960000002       -2.2551580083723777     
  0.39935735920000004        2.1016236410525502     
  0.79871471840000008       -2.1050034920938643     
   1.5974294368000002        1.6531163397350721     
   3.1948588736000003       -1.4996051906826617     
   6.3897177472000006        1.1274046037491814     
   12.779435494400001      -0.85906469921235784     
   25.558870988800003       0.51200182972087649     
   51.117741977600005      -0.23682380914388249     
   102.23548395520001        4.0663027842682296E-002
  
   1.8834340000000001        0.0000000000000000        2.3199519999999998     
          12           1
   4.9919669900000005E-002  -1.3281356014053749     
   9.9839339800000010E-002   1.8539870183107376     
  0.19967867960000002       -2.2551580083723777     
  0.39935735920000004        2.1016236410525502     
  0.79871471840000008       -2.1050034920938643     
   1.5974294368000002        1.6531163397350721     
   3.1948588736000003       -1.4996051906826617     
   6.3897177472000006        1.1274046037491814     
   12.779435494400001      -0.85906469921235784     
   25.558870988800003       0.51200182972087649     
   51.117741977600005      -0.23682380914388249     
   102.23548395520001        4.0663027842682296E-002
  
 TO USE THE STARTING POTENTIAL FEATURE, RENAME
 STRTS/STRTSP TO STPOTUP/STPOTDN AND RERUN
