  IT          TRACE                ETOT                 EKIN+ENONLOC          CHARGE              EDFT+SIC              LOWEST
   1       -128.321103000       -227.510465554        226.120054677         29.999998817       -227.510465554          0.000000000
   2       -126.591629890       -227.343151360        224.728872899         29.999998555       -227.343151360       -227.510465554
   3       -126.830290506       -227.630957406        226.119326952         29.999998641       -227.630957406       -227.343151360
   4       -126.976793137       -227.677137779        227.010371613         29.999998685       -227.677137779       -227.630957406
   5       -126.928276660       -227.677539626        227.001064363         29.999998685       -227.677539626       -227.677137779
   6       -126.869928050       -227.677673280        226.951249898         29.999998683       -227.677673280       -227.677539626
   7       -126.890235523       -227.677680217        226.963196066         29.999998683       -227.677680217       -227.677673280
   8       -126.888326453       -227.677680933        226.963026775         29.999998683       -227.677680933       -227.677680217
   9       -126.880935360       -227.677682551        226.959145810         29.999998683       -227.677682551       -227.677680933
  IT          TRACE                ETOT                 EKIN+ENONLOC          CHARGE              EDFT+SIC              LOWEST
   1          0.000000000       -227.672661246        226.778227415         29.999998647       -227.672661246          0.000000000
   2       -126.657299493       -227.674957953        226.430629549         29.999998657       -227.674957953       -227.672661246
   3       -126.720847086       -227.675370696        226.528633229         29.999998656       -227.675370696       -227.674957953
   4       -126.794054383       -227.675492817        226.618837861         29.999998655       -227.675492817       -227.675370696
   5       -126.838311176       -227.675517141        226.649090728         29.999998653       -227.675517141       -227.675492817
   6       -126.838715910       -227.675518615        226.650055048         29.999998653       -227.675518615       -227.675517141
   7       -126.838833932       -227.675519071        226.651079364         29.999998653       -227.675519071       -227.675518615
   8       -126.838584477       -227.675519089        226.651654320         29.999998654       -227.675519089       -227.675519071
  IT          TRACE                ETOT                 EKIN+ENONLOC          CHARGE              EDFT+SIC              LOWEST
   1          0.000000000       -227.676589385        226.785275399         29.999999420       -227.676589385          0.000000000
   2       -127.004724080       -227.677783957        227.030333200         29.999999411       -227.677783957       -227.676589385
   3       -126.957240787       -227.677990853        226.960535224         29.999999412       -227.677990853       -227.677783957
   4       -126.899720151       -227.678061011        226.891125305         29.999999413       -227.678061011       -227.677990853
   5       -126.869414944       -227.678074072        226.871471265         29.999999413       -227.678074072       -227.678061011
   6       -126.869067804       -227.678074875        226.870692128         29.999999413       -227.678074875       -227.678074072
   7       -126.868999563       -227.678075157        226.870026068         29.999999413       -227.678075157       -227.678074875
  IT          TRACE                ETOT                 EKIN+ENONLOC          CHARGE              EDFT+SIC              LOWEST
   1          0.000000000       -227.678168935        226.858962829         29.999998912       -227.678168935          0.000000000
   2       -126.872420363       -227.678182141        226.872551467         29.999998910       -227.678182141       -227.678168935
   3       -126.871566848       -227.678187564        226.865449262         29.999998910       -227.678187564       -227.678182141
   4       -126.871671645       -227.678188552        226.861251090         29.999998910       -227.678188552       -227.678187564
   5       -126.873770223       -227.678188633        226.861871850         29.999998910       -227.678188633       -227.678188552
  IT          TRACE                ETOT                 EKIN+ENONLOC          CHARGE              EDFT+SIC              LOWEST
   1          0.000000000       -227.678233334        226.837336800         29.999999007       -227.678233334          0.000000000
   2       -126.869284520       -227.678260428        226.857391187         29.999999006       -227.678260428       -227.678233334
   3       -126.868462145       -227.678279760        226.845086902         29.999999006       -227.678279760       -227.678260428
   4       -126.869396186       -227.678283168        226.838547875         29.999999006       -227.678283168       -227.678279760
   5       -126.872853438       -227.678283315        226.840657165         29.999999006       -227.678283315       -227.678283168
   6       -126.873077657       -227.678283322        226.840685054         29.999999006       -227.678283322       -227.678283315
  IT          TRACE                ETOT                 EKIN+ENONLOC          CHARGE              EDFT+SIC              LOWEST
   1          0.000000000       -227.678285175        226.834095366         29.999999079       -227.678285175          0.000000000
   2       -126.867661341       -227.678290104        226.835025437         29.999999079       -227.678290104       -227.678285175
   3       -126.868041563       -227.678290915        226.833170449         29.999999079       -227.678290915       -227.678290104
   4       -126.868771438       -227.678291073        226.832529751         29.999999079       -227.678291073       -227.678290915
