     6 0.02 0.005     15.000000    15.000000  NAT,DX,DE,EUP,EDN
 300.0 0.0  1 6.0                             TEMP,WAVL,IBROAD,FWHM
            12.011150            12.011150            15.999400
            15.999400             1.007970             1.007970
                -227.6782910726     6 Energy and Symbol NCALC
           0.00597800           0.00000000          -1.44389600   6   6
   0.150370814170D-03  -0.140880177158D-07   0.110687786829D-03
          -0.00597800           0.00000000           1.44389600   6   6
  -0.150939095790D-03  -0.140946725457D-07  -0.110387704312D-03
           1.96391500          -0.00000000          -2.63462200   8   8
  -0.312531055119D-03  -0.417590360884D-07  -0.221597635133D-03
          -1.96391600          -0.00000000           2.63462200   8   8
   0.313130678967D-03  -0.417459252978D-07   0.221222522164D-03
          -1.90834700           0.00000000          -2.33028800   1   1
   0.760408743745D-05   0.226463313963D-09  -0.514252878138D-03
           1.90834700           0.00000000           2.33028800   1   1
  -0.764506728611D-05   0.226465897617D-09   0.514276546283D-03
  -0.744753883453D-06  -0.564914571788D-07   0.159327434801D-06
   0.000000000000D+00   0.000000000000D+00   0.000000000000D+00
