  lx     lc     nlx     nlc     Ec_m 
-0.2679 -0.0222 -0.0379 0.0162 -0.3124
-0.4430 -0.0272 -0.0648 0.0216 -0.5141
-0.4430 -0.0272 -0.0648 0.0216 -0.5141
-0.7206 -0.0328 -0.1033 0.0269 -0.8376
-0.1022 -0.0141 -0.0145 0.0077 -0.1183
-0.7083 -0.0326 -0.1023 0.0268 -0.8235
-0.9939 -0.0368 -0.1415 0.0307 -1.1560
-0.1498 -0.0172 -0.0219 0.0102 -0.1734
-0.9939 -0.0368 -0.1415 0.0307 -1.1560
-0.1498 -0.0172 -0.0219 0.0102 -0.1734
-1.2679 -0.0398 -0.1798 0.0337 -1.4751
-0.2388 -0.0212 -0.0339 0.0140 -0.2749
-0.2417 -0.0213 -0.0343 0.0141 -0.2783
-1.2686 -0.0398 -0.1799 0.0337 -1.4758
-0.1989 -0.0197 -0.0295 0.0123 -0.2300
-1.5426 -0.0424 -0.2181 0.0362 -1.7946
-0.2997 -0.0233 -0.0447 0.0163 -0.3422
-0.3011 -0.0234 -0.0448 0.0163 -0.3438
-0.2981 -0.0233 -0.0445 0.0162 -0.3403
-1.5416 -0.0424 -0.2181 0.0362 -1.7940
-0.2446 -0.0216 -0.0368 0.0141 -0.2828
-1.8162 -0.0445 -0.2564 0.0383 -2.1132
-0.3562 -0.0250 -0.0553 0.0182 -0.4029
-0.3562 -0.0250 -0.0553 0.0182 -0.4029
-0.3562 -0.0250 -0.0553 0.0182 -0.4028
-0.3562 -0.0250 -0.0553 0.0182 -0.4028
-1.8157 -0.0445 -0.2565 0.0383 -2.1126
-0.2889 -0.0232 -0.0433 0.0155 -0.3344
-2.0894 -0.0464 -0.2947 0.0402 -2.4314
-0.4184 -0.0267 -0.0652 0.0198 -0.4732
-0.4126 -0.0266 -0.0647 0.0197 -0.4659
-0.4179 -0.0267 -0.0651 0.0198 -0.4726
-0.4053 -0.0264 -0.0641 0.0197 -0.4567
-2.0878 -0.0464 -0.2947 0.0402 -2.4301
-0.4068 -0.0265 -0.0596 0.0192 -0.4668
-0.4082 -0.0265 -0.0597 0.0192 -0.4684
-2.3621 -0.0481 -0.3330 0.0419 -2.7487
-0.4633 -0.0278 -0.0737 0.0211 -0.5218
-0.4777 -0.0282 -0.0744 0.0212 -0.5403
-0.4653 -0.0278 -0.0735 0.0211 -0.5243
-0.4693 -0.0279 -0.0742 0.0211 -0.5294
-2.3573 -0.0481 -0.3327 0.0419 -2.7446
-0.4663 -0.0279 -0.0714 0.0209 -0.5304
-0.4686 -0.0279 -0.0718 0.0209 -0.5330
-0.4641 -0.0278 -0.0719 0.0208 -0.5275
-2.6363 -0.0496 -0.3714 0.0434 -3.0680
-0.5228 -0.0291 -0.0828 0.0223 -0.5892
-0.5228 -0.0291 -0.0828 0.0223 -0.5893
-0.5228 -0.0291 -0.0828 0.0223 -0.5893
-0.5228 -0.0291 -0.0828 0.0223 -0.5893
-2.6363 -0.0496 -0.3714 0.0434 -3.0680
-0.5228 -0.0291 -0.0828 0.0223 -0.5892
-0.5228 -0.0291 -0.0828 0.0223 -0.5893
-0.5228 -0.0291 -0.0828 0.0223 -0.5893
-0.5228 -0.0291 -0.0828 0.0223 -0.5893
-2.9055 -0.0509 -0.4087 0.0447 -3.3814
-0.6183 -0.0311 -0.0978 0.0241 -0.6975
-0.6183 -0.0311 -0.0978 0.0241 -0.6975
-0.6184 -0.0311 -0.0978 0.0241 -0.6976
-0.6183 -0.0311 -0.0978 0.0241 -0.6974
-0.0949 -0.0136 -0.0140 0.0075 -0.1094
-2.9030 -0.0509 -0.4085 0.0447 -3.3785
-0.6177 -0.0311 -0.0978 0.0241 -0.6968
-0.6177 -0.0311 -0.0978 0.0241 -0.6969
-0.6177 -0.0311 -0.0978 0.0241 -0.6968
-0.6177 -0.0311 -0.0978 0.0241 -0.6968
-3.1818 -0.0522 -0.4473 0.0460 -3.7018
-0.7132 -0.0328 -0.1120 0.0256 -0.8055
-0.7137 -0.0328 -0.1118 0.0256 -0.8065
-0.7143 -0.0328 -0.1116 0.0256 -0.8074
-0.7111 -0.0328 -0.1139 0.0257 -0.8009
-0.1231 -0.0156 -0.0187 0.0091 -0.1414
-3.1829 -0.0522 -0.4473 0.0460 -3.7032
-0.7136 -0.0328 -0.1118 0.0256 -0.8062
-0.7111 -0.0328 -0.1137 0.0257 -0.8011
-0.7133 -0.0328 -0.1120 0.0256 -0.8056
-0.7143 -0.0328 -0.1116 0.0256 -0.8074
-0.1231 -0.0156 -0.0187 0.0091 -0.1414
-3.4719 -0.0534 -0.4870 0.0472 -4.0396
-0.8067 -0.0343 -0.1265 0.0270 -0.9109
-0.8139 -0.0345 -0.1272 0.0270 -0.9191
-0.8086 -0.0344 -0.1267 0.0270 -0.9131
-0.8104 -0.0344 -0.1268 0.0270 -0.9153
-0.1674 -0.0180 -0.0240 0.0110 -0.1921
-0.1675 -0.0180 -0.0240 0.0110 -0.1923
-3.4719 -0.0534 -0.4870 0.0472 -4.0397
-0.8061 -0.0343 -0.1263 0.0270 -0.9106
-0.8061 -0.0343 -0.1265 0.0270 -0.9105
-0.8059 -0.0343 -0.1263 0.0270 -0.9103
-0.8058 -0.0343 -0.1263 0.0270 -0.9103
-0.1546 -0.0175 -0.0244 0.0107 -0.1766
-3.7551 -0.0545 -0.5261 0.0482 -4.3694
-0.9141 -0.0359 -0.1423 0.0283 -1.0323
-0.9102 -0.0359 -0.1419 0.0283 -1.0280
-0.8984 -0.0357 -0.1408 0.0282 -1.0146
-0.9111 -0.0359 -0.1419 0.0283 -1.0290
-0.1994 -0.0195 -0.0296 0.0124 -0.2271
-0.1977 -0.0194 -0.0295 0.0124 -0.2248
-0.1977 -0.0194 -0.0295 0.0124 -0.2248
-3.7555 -0.0545 -0.5261 0.0482 -4.3697
-0.8982 -0.0357 -0.1405 0.0282 -1.0149
-0.8985 -0.0357 -0.1405 0.0282 -1.0152
-0.8983 -0.0357 -0.1405 0.0282 -1.0151
-0.8975 -0.0357 -0.1404 0.0282 -1.0141
-0.1810 -0.0189 -0.0293 0.0119 -0.2063
-4.0405 -0.0555 -0.5656 0.0493 -4.7014
-1.0084 -0.0372 -0.1568 0.0295 -1.1388
-1.0084 -0.0372 -0.1568 0.0295 -1.1388
-1.0084 -0.0372 -0.1569 0.0295 -1.1387
-1.0084 -0.0372 -0.1568 0.0295 -1.1388
-0.2266 -0.0207 -0.0350 0.0137 -0.2556
-0.2266 -0.0207 -0.0350 0.0137 -0.2555
-0.2266 -0.0207 -0.0350 0.0137 -0.2555
-0.2266 -0.0207 -0.0350 0.0137 -0.2556
-4.0402 -0.0555 -0.5656 0.0493 -4.7013
-0.9895 -0.0369 -0.1546 0.0293 -1.1181
-0.9895 -0.0369 -0.1546 0.0293 -1.1181
-0.9891 -0.0369 -0.1547 0.0293 -1.1176
-0.9895 -0.0369 -0.1546 0.0293 -1.1181
-0.2059 -0.0201 -0.0337 0.0128 -0.2344
-4.3250 -0.0565 -0.6047 0.0502 -5.0312
-1.1044 -0.0383 -0.1713 0.0305 -1.2468
-1.1044 -0.0383 -0.1713 0.0305 -1.2468
-1.1044 -0.0383 -0.1713 0.0305 -1.2468
-1.1044 -0.0383 -0.1713 0.0305 -1.2468
-0.2584 -0.0220 -0.0400 0.0148 -0.2914
-0.2573 -0.0219 -0.0400 0.0148 -0.2901
-0.2551 -0.0218 -0.0398 0.0148 -0.2872
-0.2566 -0.0219 -0.0399 0.0148 -0.2891
-4.3248 -0.0565 -0.6046 0.0502 -5.0313
-1.0818 -0.0380 -0.1687 0.0304 -1.2222
-1.0930 -0.0382 -0.1700 0.0304 -1.2344
-1.0997 -0.0383 -0.1708 0.0305 -1.2417
-1.0815 -0.0380 -0.1686 0.0304 -1.2220
-0.2618 -0.0221 -0.0391 0.0147 -0.2991
-0.2624 -0.0222 -0.0390 0.0147 -0.2999
-4.6090 -0.0574 -0.6439 0.0511 -5.3616
-1.1980 -0.0394 -0.1861 0.0315 -1.3518
-1.1986 -0.0394 -0.1857 0.0315 -1.3530
-1.1987 -0.0394 -0.1856 0.0315 -1.3533
-1.1990 -0.0394 -0.1855 0.0315 -1.3538
-0.2839 -0.0229 -0.0447 0.0158 -0.3193
-0.2828 -0.0228 -0.0447 0.0158 -0.3180
-0.2931 -0.0232 -0.0453 0.0159 -0.3311
-0.2844 -0.0229 -0.0448 0.0158 -0.3200
-4.5881 -0.0573 -0.6424 0.0511 -5.3355
-1.1933 -0.0393 -0.1863 0.0315 -1.3459
-1.1797 -0.0391 -0.1808 0.0313 -1.3356
-1.1936 -0.0393 -0.1883 0.0315 -1.3439
-1.1923 -0.0393 -0.1860 0.0315 -1.3451
-0.2893 -0.0231 -0.0443 0.0157 -0.3285
-0.2893 -0.0231 -0.0443 0.0157 -0.3284
-0.2885 -0.0230 -0.0443 0.0157 -0.3273
-4.8858 -0.0581 -0.6829 0.0519 -5.6749
-1.3045 -0.0404 -0.1983 0.0324 -1.4748
-1.2942 -0.0403 -0.2008 0.0324 -1.4593
-1.2951 -0.0403 -0.2004 0.0324 -1.4608
-1.2931 -0.0403 -0.2014 0.0324 -1.4570
-0.3146 -0.0239 -0.0491 0.0167 -0.3545
-0.3146 -0.0239 -0.0491 0.0167 -0.3545
-0.3146 -0.0239 -0.0491 0.0167 -0.3545
-0.3146 -0.0239 -0.0491 0.0167 -0.3545
-4.8870 -0.0581 -0.6830 0.0519 -5.6765
-1.3039 -0.0404 -0.1984 0.0324 -1.4740
-1.2937 -0.0403 -0.2010 0.0324 -1.4583
-1.2933 -0.0403 -0.2013 0.0324 -1.4575
-1.2959 -0.0403 -0.2001 0.0324 -1.4621
-0.3146 -0.0239 -0.0491 0.0167 -0.3545
-0.3146 -0.0239 -0.0491 0.0167 -0.3545
-0.3146 -0.0239 -0.0491 0.0167 -0.3545
-0.3146 -0.0239 -0.0491 0.0167 -0.3545
