EDFT+SIC
-0.811721533
-0.850167513
-0.860017896
-0.862163387
-0.862315450
-0.862337912
-0.862323843
-0.862301518
-0.862328350
-0.862339828
-0.862341872
-0.862341597
-0.862341137
EDFT+SIC
-3.919165103
-4.013471319
-4.019635447
-4.011237852
-4.017424871
-4.019341242
-4.019811157
-4.019937286
-4.019981871
-4.019982227
-4.019908775
EDFT+SIC
-9.238845936
-9.347318340
-9.354924704
-9.352629802
-9.356680021
-9.357240449
-9.357283574
-9.357355698
-9.357391089
-9.357400550
-9.357410548
-9.357416971
-9.357419798
-9.357421650
-9.357422954
-9.357424413
-9.357425476
-9.357426329
-9.357426964
EDFT+SIC
-17.284627565
-17.413440449
-17.422249101
-17.418006509
-17.422856676
-17.423086297
-17.423121191
-17.423070319
-17.423018778
-17.422992603
-17.422975257
-17.422966764
-17.422962550
-17.422968688
-17.422979089
-17.422988184
-17.422994331
-17.422997992
-17.423000101
-17.423001385
-17.423002178
-17.423002587
EDFT+SIC
-28.335913320
-28.511021928
-28.524346743
-28.512380382
-28.523680474
-28.524922766
-28.525369905
-28.525578197
-28.525659056
-28.524763278
-28.524715932
-28.525835073
-28.526123189
-28.526191653
-28.526233245
-28.526256170
-28.526341029
-28.526401428
-28.526462476
-28.526508767
-28.526559698
-28.526606709
-28.526663146
-28.526728067
-28.526790865
-28.526863797
-28.526951778
-28.527040410
-28.527123938
-28.527205220
-28.527279853
-28.527391830
-28.527731462
-28.527983648
-28.528206650
-28.528509007
-28.528789564
-28.529045391
-28.529282324
-28.529505150
-28.529714844
-28.529911422
-28.530095269
-28.530266785
-28.530426397
-28.530574563
-28.530816001
-28.532031833
-28.532701039
-28.533157711
-28.533510026
-28.534062914
-28.534625996
-28.535163413
-28.535630973
-28.536046990
-28.536404370
-28.536703709
-28.536960380
-28.537177256
-28.537365581
-28.537707376
-28.539165353
-28.539921649
-28.540436466
-28.540885315
-28.541377697
-28.541793231
-28.542137518
-28.542480099
-28.542742505
-28.543005543
-28.543219939
-28.543385569
-28.543505766
-28.543595299
-28.543699592
-28.544043752
-28.544219351
-28.544321703
-28.544380075
-28.544471115
-28.544545768
-28.544605394
-28.544647954
-28.544683301
-28.544715131
-28.544740820
-28.544768237
-28.544797840
-28.544824403
-28.544849707
-28.544900976
-28.544930932
-28.544955022
-28.544974170
-28.544997065
-28.545017440
-28.545035761
-28.545051613
-28.545064723
-28.545076155
-28.545085889
-28.545095107
-28.545104416
-28.545113070
-28.545122537
-28.545147334
-28.545163520
-28.545176453
-28.545187874
-28.545202197
-28.545215784
-28.545228118
-28.545239279
-28.545249149
-28.545258059
-28.545266149
-28.545273470
-28.545280091
-28.545286089
-28.545293031
-28.545313219
-28.545327945
-28.545338579
-28.545347616
-28.545357475
-28.545368569
-28.545378413
-28.545388424
-28.545399367
-28.545410940
-28.545421820
-28.545431947
-28.545442006
-28.545451845
-28.545461453
-28.545443657
-28.545458443
-28.545472337
-28.545483914
-28.545494992
-28.545505698
-28.545515454
-28.545526364
-28.545536991
-28.545546231
-28.545554653
-28.545562358
-28.545569389
-28.545575778
-28.545582474
-28.545600389
-28.545611721
-28.545620478
-28.545628404
-28.545635460
-28.545641475
-28.545651456
-28.545661072
-28.545670255
-28.545678397
-28.545685387
-28.545691548
-28.545696981
-28.545701808
-28.545707071
-28.545720560
-28.545730682
-28.545738216
-28.545744850
-28.545751425
-28.545758840
-28.545766012
-28.545773088
-28.545780804
-28.545788387
-28.545795406
-28.545801817
-28.545807605
-28.545812801
-28.545818186
-28.545831793
-28.545840949
-28.545847663
-28.545853688
-28.545859231
-28.545864264
-28.545870940
-28.545877153
-28.545883331
-28.545888809
-28.545893614
-28.545897862
-28.545901750
-28.545905611
-28.545909776
-28.545920315
-28.545927714
-28.545933466
-28.545938570
-28.545943197
-28.545948373
-28.545954272
-28.545960237
-28.545965532
-28.545970091
-28.545974275
-28.545978130
-28.545981666
-28.545984905
-28.545988483
-28.545997506
-28.546004732
-28.546009823
-28.546014394
-28.546018842
-28.546024048
-28.546028894
-28.546034156
-28.546038880
-28.546043179
-28.546047002
-28.546050531
-28.546054089
-28.546058421
-28.546062756
-28.546076764
-28.546082044
-28.546086758
-28.546091324
-28.546095452
-28.546101220
-28.546107686
-28.546113673
-28.546119482
-28.546124959
-28.546130062
-28.546134679
-28.546138844
-28.546142604
-28.546146398
-28.546155479
-28.546161541
-28.546166218
-28.546170551
-28.546174740
-28.546178496
-28.546183234
-28.546187653
-28.546191826
-28.546195671
-28.546199173
-28.546202353
-28.546205279
-28.546207927
-28.546210750
-28.546217486
-28.546223056
-28.546226505
-28.546229890
-28.546232998
-28.546235988
-28.546238233
-28.546241137
-28.546244065
-28.546246866
-28.546249396
-28.546251661
-28.546253787
-28.546256312
-28.546258966
-28.546265621
-28.546269049
-28.546272363
-28.546275393
-28.546279521
-28.546283482
-28.546287250
-28.546291373
-28.546295271
-28.546298902
-28.546302401
-28.546305680
-28.546308732
-28.546311538
-28.546314396
-28.546321334
-28.546326070
-28.546329326
-28.546332343
-28.546335242
-28.546337924
-28.546340625
-28.546341659
-28.546344872
-28.546349262
-28.546353232
-28.546357592
-28.546361568
-28.546365206
-28.546368689
-28.546371622
-28.546375430
-28.546379155
-28.546382742
-28.546386062
-28.546389173
-28.546392336
-28.546395495
-28.546398228
-28.546400656
-28.546402884
-28.546404909
-28.546406791
-28.546408502
-28.546410382
-28.546414846
-28.546418844
-28.546421367
-28.546423963
-28.546426445
-28.546428776
-28.546430949
-28.546432934
-28.546434756
-28.546436416
-28.546437950
-28.546439346
-28.546440571
-28.546441644
-28.546443004
-28.546447047
-28.546450548
-28.546453388
-28.546456253
-28.546459387
-28.546462483
-28.546465274
-28.546467792
-28.546470139
-28.546472368
-28.546474583
-28.546476781
-28.546478518
-28.546480020
-28.546481673
-28.546485732
-28.546489254
-28.546491628
-28.546493780
-28.546495734
-28.546497961
-28.546500550
-28.546502956
-28.546505337
-28.546507896
-28.546510411
-28.546512680
-28.546514952
-28.546517139
-28.546519346
-28.546525592
-28.546528078
-28.546530212
-28.546532637
-28.546535180
-28.546537205
-28.546539736
-28.546542092
-28.546544521
-28.546546641
-28.546548977
-28.546551416
-28.546553824
-28.546555453
-28.546557109
-28.546560963
-28.546564333
-28.546566980
-28.546569213
-28.546571289
-28.546573323
-28.546575757
-28.546578218
-28.546580422
-28.546582899
-28.546585093
-28.546587119
-28.546588988
-28.546590731
-28.546592514
-28.546596862
-28.546599993
-28.546602071
-28.546604010
-28.546605760
-28.546607276
-28.546609536
-28.546611697
-28.546613856
-28.546615948
-28.546617769
-28.546619473
-28.546621100
-28.546622663
-28.546624303
-28.546628190
-28.546630008
-28.546631762
-28.546633360
-28.546635580
-28.546637654
-28.546639613
-28.546641976
-28.546644308
-28.546646492
-28.546648534
-28.546650394
-28.546652094
-28.546653648
-28.546655227
-28.546659121
-28.546661848
-28.546663688
-28.546665368
-28.546666932
-28.546668646
-28.546669705
-28.546670964
-28.546672789
-28.546674786
-28.546676621
-28.546678621
-28.546680643
-28.546682457
-28.546684253
-28.546684000
-28.546686198
EDFT+SIC
-42.684909953
-42.902336172
-42.910812569
-42.873222151
-42.908702486
-42.913353076
-42.914613738
-42.915059478
-42.915242593
-42.914929413
-42.913851945
-42.912841409
-42.912267897
-42.912038808
-42.912896539
-42.913163877
-42.911444683
-42.910695396
-42.909107895
-42.908476902
-42.908482649
-42.908463663
-42.907905663
-42.907717229
-42.907364902
-42.907012912
-42.907106322
-42.910411647
-42.912665459
-42.913903558
-42.914409202
-42.914754305
-42.915159643
-42.915359644
-42.915453661
-42.915508256
-42.915551314
-42.915592446
-42.915622714
-42.915653547
-42.915684272
-42.915719548
-42.915745650
-42.915786206
-42.915818965
-42.915846880
-42.915870643
-42.915891185
-42.915917170
-42.915970759
-42.916028306
-42.916107964
-42.916185128
-42.916266581
-42.916339407
-42.916412085
-42.916488314
-42.916561269
-42.916630865
-42.916692220
-42.916747771
-42.916828721
-42.917010128
-42.917053175
-42.917085322
-42.917205544
-42.917370750
-42.917532474
-42.917689544
-42.917849393
-42.918010246
-42.918151891
-42.918312400
-42.918456024
-42.918587304
-42.918705237
-42.918829977
-42.919024406
-42.919115582
-42.919206633
-42.919263812
-42.919372215
-42.919488156
-42.919600330
-42.919686269
-42.919755425
-42.919818884
-42.919883291
-42.919931200
-42.920010194
-42.920072381
-42.920122673
-42.920176882
-42.920195704
-42.920199446
-42.920235998
-42.920264712
-42.920291449
-42.920313229
-42.920330350
-42.920345326
-42.920357916
-42.920366862
-42.920374823
-42.920382544
-42.920389341
-42.920390188
-42.920348774
EDFT+SIC
-60.698661353
-60.951805316
-60.948799628
-60.858621897
-60.948232190
-60.959516418
-60.961188350
-60.961322706
-60.960749703
-60.959272215
-60.958400169
-60.957936090
-60.957774358
-60.957345856
-60.957586367
-60.958449929
-60.959227693
-60.959770958
-60.960176160
-60.960520645
-60.960803695
-60.961008950
-60.961142212
-60.961222920
-60.961270330
-60.961298170
-60.961314754
-60.961324618
-60.961330152
-60.961332844
-60.961333744
-60.961334016
EDFT+SIC
-82.665985548
-82.964795721
-82.942863622
-82.745501077
-82.945047185
-82.971332532
-82.971820554
-82.968509900
-82.965833337
-82.964519341
-82.962863620
-82.956389851
-82.948968551
-82.943965270
-82.941230134
-82.939895023
-82.938771371
-82.938750935
-82.944414551
-82.952994918
-82.961331277
-82.967621659
-82.971240256
-82.972612605
-82.972798699
-82.972695027
-82.972707771
-82.972770349
-82.972758614
-82.972726087
-82.972709661
-82.972705957
-82.972755521
-82.972726359
-82.972722449
-82.972731641
-82.972731162
-82.972731989
EDFT+SIC
-108.863275605
-109.189273298
-109.143780774
-108.756640845
-109.153239691
-109.201035003
-109.192224506
-109.176604372
-109.166196454
-109.160555046
-109.160861319
-109.165666826
-109.181614545
-109.194404945
-109.200266559
-109.201596499
-109.201346141
-109.201153178
-109.201556622
-109.201606335
-109.201595127
-109.201599395
-109.201611251
-109.201615631
-109.201618002
-109.201619515
-109.201622873
-109.201624515
-109.201626496
-109.201627825
-109.201629632
-109.201631563
-109.201633625
-109.201635983
-109.201638784
-109.201641451
-109.201643998
-109.201646548
-109.201649168
-109.201651736
-109.201654170
-109.201656500
-109.201658749
-109.201660924
-109.201663028
-109.201665063
-109.201667047
-109.201669139
-109.201672116
-109.201674598
-109.201676934
-109.201679761
-109.201682638
-109.201685171
-109.201687534
-109.201689789
-109.201691962
-109.201694054
-109.201696086
-109.201698053
-109.201699976
-109.201701890
-109.201704111
-109.201707130
-109.201709902
-109.201712443
-109.201715216
-109.201717820
-109.201720338
-109.201722735
-109.201725024
-109.201727226
-109.201729352
-109.201731406
-109.201733390
-109.201735309
-109.201737170
-109.201739046
-109.201741957
-109.201744376
-109.201746563
-109.201748991
-109.201751478
-109.201753528
-109.201755542
-109.201757960
-109.201760545
-109.201763089
-109.201765445
-109.201767669
-109.201769799
-109.201771885
-109.201774316
-109.201777602
-109.201780579
-109.201783250
-109.201786058
-109.201788689
-109.201791263
-109.201793729
-109.201796105
-109.201798409
-109.201800645
-109.201802813
-109.201804914
-109.201806951
-109.201808933
-109.201810956
-109.201813982
-109.201816444
-109.201818699
-109.201821320
-109.201823910
-109.201826468
-109.201829117
-109.201831982
-109.201834809
-109.201837534
-109.201840164
-109.201842710
-109.201845174
-109.201847567
-109.201849843
-109.201854314
-109.201857140
-109.201859381
-109.201862011
-109.201864735
-109.201867222
-109.201869546
-109.201871786
-109.201873952
-109.201876059
-109.201878099
-109.201880078
-109.201881992
-109.201883874
-109.201885990
-109.201888893
-109.201891161
-109.201893345
-109.201896097
-109.201898923
-109.201901734
-109.201904507
-109.201907148
-109.201909619
-109.201911921
-109.201914110
-109.201916189
-109.201918181
-109.201920111
-109.201922257
-109.201925267
-109.201927987
-109.201930564
-109.201932947
-109.201935510
-109.201937997
-109.201940428
-109.201942970
-109.201945685
-109.201948375
-109.201950884
-109.201953258
-109.201955527
-109.201957700
-109.201960016
-109.201963238
-109.201965578
-109.201967786
-109.201970534
-109.201973349
-109.201976198
-109.201979163
-109.201982230
-109.201985440
-109.201988535
-109.201991448
-109.201994262
-109.201996989
-109.201999646
-109.202001955
-109.202004251
-109.202007149
-109.202010091
-109.202012940
-109.202015709
-109.202018368
-109.202020898
-109.202023305
-109.202025612
-109.202027836
-109.202029992
-109.202032086
-109.202034119
-109.202036112
-109.202038264
-109.202041298
-109.202043700
-109.202045966
-109.202048817
-109.202051713
-109.202054539
-109.202057369
-109.202060264
-109.202063176
-109.202065997
-109.202068711
-109.202071335
-109.202073874
-109.202076341
-109.202078174
-109.202084604
-109.202087310
-109.202089144
-109.202091524
-109.202094159
-109.202096818
-109.202099442
-109.202102090
-109.202104792
-109.202107463
-109.202109984
-109.202112345
-109.202114572
-109.202116721
-109.202119025
-109.202122223
-109.202124578
-109.202126796
-109.202129471
-109.202132224
-109.202135015
-109.202137857
-109.202140594
-109.202143089
-109.202145447
-109.202147707
-109.202149901
-109.202152060
-109.202154183
-109.202156626
-109.202159964
-109.202163206
-109.202165955
-109.202168657
-109.202171304
-109.202174103
-109.202176825
-109.202179463
-109.202182022
-109.202184654
-109.202187433
-109.202190124
-109.202192634
-109.202195047
-109.202197372
-109.202202652
-109.202206357
-109.202209920
-109.202213448
-109.202216630
-109.202219596
-109.202222428
-109.202225153
-109.202227783
-109.202230323
-109.202232775
-109.202235144
-109.202237431
-109.202239651
-109.202241844
-109.202245233
-109.202247729
-109.202249924
-109.202252337
-109.202254688
-109.202257069
-109.202259627
-109.202262335
-109.202265014
-109.202267568
-109.202269983
-109.202272288
-109.202274505
-109.202276662
-109.202278905
-109.202282154
-109.202284480
-109.202286638
-109.202289278
-109.202291968
-109.202294593
-109.202297166
-109.202299813
-109.202302539
-109.202305124
-109.202307354
-109.202309351
-109.202311232
-109.202313057
-109.202315085
-109.202317913
-109.202320169
-109.202322075
-109.202324613
-109.202327444
-109.202330331
-109.202333073
-109.202335689
-109.202338188
-109.202340581
-109.202342877
-109.202345085
-109.202347213
-109.202349285
-109.202351419
-109.202354475
-109.202357022
-109.202359409
-109.202362240
-109.202365105
-109.202367591
-109.202369913
-109.202372134
-109.202374331
-109.202376522
-109.202378662
-109.202380693
-109.202382715
-109.202384743
-109.202386986
-109.202390149
-109.202392962
-109.202395469
-109.202397908
-109.202400508
-109.202403104
-109.202405639
-109.202408083
-109.202410436
-109.202412700
-109.202414883
-109.202416989
-109.202419023
-109.202421010
-109.202423091
-109.202426067
-109.202428419
-109.202430629
-109.202433320
-109.202436005
-109.202438394
-109.202440585
-109.202442674
-109.202444739
-109.202446879
-109.202449181
-109.202451690
-109.202454333
-109.202456797
-109.202458582
-109.202460449
-109.202462863
-109.202465402
-109.202467885
-109.202470292
-109.202472604
-109.202474840
-109.202477035
-109.202479200
-109.202481294
-109.202483314
-109.202485254
-109.202487115
-109.202488939
-109.202490956
-109.202493658
-109.202495644
-109.202497604
-109.202500063
-109.202502595
-109.202505118
-109.202507577
-109.202509826
-109.202511887
-109.202513832
-109.202515687
-109.202517474
-109.202519136
-109.202520720
-109.202522563
-109.202525087
-109.202527747
-109.202529955
-109.202532042
-109.202534229
-109.202536335
-109.202538349
-109.202540271
-109.202542125
-109.202543959
-109.202545919
-109.202548040
-109.202550316
-109.202552610
-109.202554643
-109.202556400
-109.202558348
-109.202560599
-109.202562869
-109.202565078
-109.202567199
-109.202569234
-109.202571192
-109.202573081
-109.202574922
-109.202576733
-109.202578559
-109.202580441
-109.202582361
-109.202584222
-109.202587604
-109.202589944
-109.202591962
-109.202594057
-109.202596105
-109.202598249
-109.202600532
-109.202602800
-109.202604999
-109.202607107
-109.202609120
-109.202611044
-109.202612887
-109.202614678
-109.202616483
-109.202619205
-109.202621056
-109.202622801
-109.202624879
-109.202626993
-109.202629069
-109.202631169
-109.202633340
-109.202635510
-109.202637620
-109.202639675
-109.202641721
-109.202643799
-109.202645848
-109.202647367
-109.202648839
-109.202650515
-109.202652613
-109.202654618
-109.202656522
-109.202658379
-109.202660181
-109.202661960
-109.202663786
-109.202665673
-109.202667574
-109.202669432
-109.202671239
-109.202673004
-109.202674543
-109.202677613
-109.202679605
-109.202681308
-109.202683184
-109.202685014
-109.202686867
-109.202688810
-109.202690781
-109.202692729
-109.202694611
-109.202696419
-109.202698162
-109.202699850
-109.202701501
-109.202703043
-109.202705738
-109.202707548
-109.202709180
-109.202711044
-109.202712902
-109.202714674
-109.202716424
-109.202718285
-109.202720245
-109.202722207
-109.202724015
-109.202725659
-109.202727194
-109.202728680
-109.202730180
-109.202732429
-109.202733999
-109.202735505
-109.202737292
-109.202739176
-109.202741054
-109.202742924
-109.202744722
-109.202746253
-109.202747565
-109.202748775
-109.202749887
-109.202751063
-109.202752274
-109.202753585
-109.202755561
-109.202757219
-109.202758771
-109.202760436
-109.202762230
-109.202764077
-109.202765894
-109.202767642
-109.202769308
-109.202770899
-109.202772420
-109.202773876
-109.202775271
-109.202776625
-109.202777850
-109.202780039
-109.202781446
-109.202782761
-109.202784275
-109.202785817
-109.202787329
-109.202788873
-109.202790466
-109.202792078
-109.202793634
-109.202795123
-109.202796551
-109.202797921
-109.202799246
-109.202799990
-109.202802804
EDFT+SIC
-139.705181782
-140.057972449
-139.991102989
-139.280294866
-139.997933805
-140.080859341
-140.051422315
-140.012484899
-139.988201689
-139.984102066
-139.981809949
-139.987498402
-140.001543615
-140.002407132
-140.050605471
-140.073628903
-140.080072036
-140.081243626
-140.081372016
-140.081365738
-140.081343407
-140.081339873
-140.081364537
-140.081372486
-140.081374204
-140.081372056
-140.081368902
-140.081365761
-140.081363299
-140.081361685
-140.081360805
-140.081360623
EDFT+SIC
-174.611285176
-174.859019125
-174.843452410
-174.633999444
-174.839077455
-174.864997405
-174.864149513
-174.864626144
-174.864914756
-174.865164823
-174.865160065
-174.865176556
-174.865178088
-174.865165199
-174.865160446
-174.865162370
-174.865163488
-174.865162628
-174.865159634
EDFT+SIC
-214.086037227
-214.343224018
-214.331831222
-214.071559798
-214.327842214
-214.346137953
-214.348317681
-214.349161626
-214.348749669
-214.348689814
-214.348686879
-214.348883303
-214.348957656
-214.349038289
-214.349175491
-214.349266462
-214.349316250
-214.349366069
-214.349405807
-214.349441413
-214.349481627
-214.349526482
-214.349566748
-214.349610116
-214.349645808
-214.349679693
-214.349717125
-214.349759299
-214.349804602
-214.349846187
-214.349887465
-214.349958863
-214.350218820
-214.350341078
-214.350483568
-214.350670812
-214.350899140
-214.351121402
-214.351335410
-214.351560620
-214.351800282
-214.352031293
-214.352274201
-214.352496658
-214.352719054
-214.352938674
-214.353221036
-214.354083193
-214.354601325
-214.355200790
-214.356070687
-214.356535548
-214.356959930
-214.357311234
-214.357585552
-214.357832144
-214.358064621
-214.358247465
-214.358461318
-214.358665685
-214.358855999
-214.359058790
-214.359524956
-214.359760621
-214.359914516
-214.360109972
-214.360229527
-214.360310185
-214.360365726
-214.360405373
-214.360437061
-214.360467037
-214.360492759
-214.360512371
-214.360530422
-214.360547178
-214.360563265
-214.360599796
-214.360613010
-214.360619103
-214.360630753
-214.360636481
-214.360639497
-214.360640752
-214.360642779
-214.360643652
-214.360644187
EDFT+SIC
-258.160538955
-258.438532108
-258.436168732
-258.206279861
-258.435472735
-258.450696517
-258.452943737
-258.453529103
-258.453462882
-258.452545018
-258.451561189
-258.450899670
-258.450300287
-258.449630573
-258.449172748
-258.449664567
-258.451125614
-258.452271910
-258.452963640
-258.453381238
-258.453619348
-258.453714266
-258.453755395
-258.453797887
-258.453816620
-258.453823169
-258.453825518
-258.453825589
-258.453824146
EDFT+SIC
-307.005200697
-307.319725203
-307.322639275
-307.065683792
-307.319663549
-307.337577131
-307.340767457
-307.341716933
-307.341813515
-307.341755241
-307.341653855
-307.341605621
-307.341238232
-307.341180129
-307.341855143
-307.341914676
-307.341745829
-307.341730006
-307.341597151
-307.341902989
-307.341959913
-307.341858632
-307.341763099
-307.341639948
-307.341532391
-307.341432696
-307.341316719
-307.341145991
-307.340967228
-307.340803875
-307.340632441
-307.340672186
-307.341374021
-307.341579066
-307.341595507
-307.341538776
-307.341525732
-307.341539548
-307.341556951
-307.341593857
-307.341610471
-307.341571683
-307.341474483
-307.341344787
-307.341190658
-307.341022270
-307.340971524
-307.341617891
-307.341520642
-307.341610523
-307.341626461
-307.341646198
-307.341644095
-307.341633315
-307.341617898
-307.341592189
-307.341551461
-307.341495289
-307.341428128
-307.341344712
-307.341252294
-307.341173649
-307.341261065
-307.341147839
-307.341034340
-307.340974502
-307.340856448
-307.340652287
-307.340437732
-307.340207174
-307.339968832
-307.339740456
-307.339533417
-307.339350563
-307.339182976
-307.338995812
-307.338884341
-307.339004427
-307.338790191
-307.338705404
-307.338431998
-307.338327437
-307.338215999
-307.338153683
-307.338081760
-307.338006166
-307.337946579
-307.337863479
-307.337773073
-307.337696427
-307.337597842
-307.337481431
-307.337266001
-307.337043530
-307.336896748
-307.336706729
-307.336556935
-307.336428687
-307.336310753
-307.336209819
-307.336121474
-307.336044386
-307.335979543
-307.335925205
-307.335879705
-307.335839423
-307.335806875
-307.335781940
-307.335745908
-307.335724669
-307.335652664
-307.335615560
-307.335583424
-307.335556586
-307.335534891
-307.335512193
-307.335482013
-307.335450328
-307.335421870
-307.335396056
-307.335374826
-307.335355892
-307.335326447
-307.335293305
-307.335267805
-307.335248839
-307.335229059
-307.335208948
-307.335189592
-307.335173244
-307.335159701
-307.335148139
-307.335138122
-307.335129767
-307.335122775
-307.335117024
-307.335113246
-307.335114224
-307.335096290
EDFT+SIC
-360.791951023
-361.159410597
-361.166903632
-360.919761717
-361.165258096
-361.183900077
-361.186194802
-361.186640504
-361.185049037
-361.184303462
-361.184600373
-361.185277385
-361.185742125
-361.185989139
-361.186133405
-361.186265266
-361.186391021
-361.186473587
-361.186512563
-361.186528392
-361.186534651
-361.186538250
-361.186539519
-361.186525784
-361.186515141
-361.186504867
-361.186496041
-361.186489562
-361.186485636
-361.186484027
-361.186485193
-361.186486641
-361.186492566
-361.186494973
-361.186495463
-361.186495860
EDFT+SIC
-419.657434676
-420.038607293
-420.042916182
-419.759570307
-420.033424118
-420.061273145
-420.065135388
-420.064487455
-420.063499445
-420.062292980
-420.063502816
-420.065559502
-420.065766659
-420.065741332
-420.065801006
-420.065603242
-420.065472770
-420.065403670
-420.065400036
-420.065395340
-420.065371761
-420.065359904
-420.065377018
-420.065382908
-420.065376487
-420.065387419
-420.065393105
-420.065397553
-420.065400041
-420.065407935
-420.065413135
-420.065430177
-420.065487641
-420.065511955
-420.065520607
-420.065517846
-420.065522339
-420.065514612
-420.065505050
-420.065513149
-420.065519968
-420.065523418
-420.065532695
-420.065537370
-420.065536604
-420.065536553
EDFT+SIC
-483.733040097
-484.143733606
-484.146379875
-483.744925103
-484.134555069
-484.175039814
-484.179102789
-484.177631768
-484.177748881
-484.179655433
-484.177193833
-484.176178873
-484.179527297
-484.180261166
-484.180259665
-484.180203439
-484.180042468
-484.179949172
-484.179805371
-484.179990774
-484.180124857
-484.180156753
-484.180227464
-484.180262584
-484.180273608
-484.180275132
-484.180270668
-484.180260386
-484.180250436
-484.180242775
-484.180235484
-484.180217832
-484.180135737
-484.180084084
-484.180059480
-484.180066768
-484.180064269
-484.180063484
-484.180059373
EDFT+SIC
-553.209142748
-553.642584660
-553.642285651
-553.048224362
-553.626750248
-553.683543028
-553.686466245
-553.683475716
-553.684444666
-553.687586258
-553.685548374
-553.683488656
-553.686840957
-553.688183672
-553.688232378
-553.688118861
-553.688075297
-553.688054188
-553.687986472
-553.687937316
-553.687915008
-553.687908789
-553.687911821
-553.687912068
-553.687911211
