EDFT+SIC
-0.499921775
-0.499921850
-0.499921856
EDFT+SIC
-2.919697341
-2.919697397
-2.919697393
EDFT+SIC
-7.509141902
-7.509141934
-7.509141933
EDFT+SIC
-14.706649613
-14.706649994
-14.706649982
EDFT+SIC
-24.725551110
-24.725552739
-24.725552981
-24.725553156
EDFT+SIC
-37.955376367
-37.955378444
-37.955379062
-37.955379585
EDFT+SIC
-54.741056740
-54.741056510
-54.741056443
EDFT+SIC
-75.284620076
-75.284630449
-75.284630477
-75.284630450
EDFT+SIC
-100.012386569
-100.012387763
-100.012388405
-100.012389042
EDFT+SIC
-129.280706469
-129.280706150
-129.280706103
EDFT+SIC
-162.672894052
-162.672893923
-162.672893891
EDFT+SIC
-200.548382575
-200.548382489
-200.548382473
EDFT+SIC
-242.920246259
-242.920248269
-242.920249288
-242.920250106
-242.920251340
EDFT+SIC
-290.009608945
-290.009610276
-290.009611190
-290.009612053
EDFT+SIC
-341.982417439
-341.982417308
-341.982417288
EDFT+SIC
-398.928668802
-398.928670195
-398.928671103
-398.928671932
EDFT+SIC
-461.058928118
-461.058929539
-461.058930341
-461.058931088
EDFT+SIC
-528.538634847
-528.538634662
-528.538634642
