EDFT+SIC
-0.789511241
-0.795685983
-0.797470214
-0.798415021
-0.797873435
-0.797672690
-0.797583856
-0.797527797
-0.797505775
-0.797499096
-0.797501160
-0.797502014
-0.797502427
EDFT+SIC
-3.864591097
-3.882651855
-3.886145448
-3.895560895
-3.885208499
-3.882073100
-3.881197445
-3.880920104
-3.880873383
-3.881010517
-3.881208262
-3.881377773
-3.881493558
-3.881564020
-3.881605765
-3.881632064
-3.881650354
-3.881663320
-3.881672100
-3.881677288
-3.881679041
-3.881678267
-3.881678370
EDFT+SIC
-9.159180288
-9.180934028
-9.184055400
-9.190474511
EDFT+SIC
-17.176601928
-17.202622980
-17.206045775
-17.215100865
-17.204373885
-17.202300973
-17.201998520
-17.202147912
-17.202219895
-17.202285079
-17.202335232
-17.202356911
-17.202360838
-17.202351368
-17.202348468
-17.202349297
-17.202349751
EDFT+SIC
-28.193950347
-28.229346453
-28.234640427
-28.253960968
-28.233943108
-28.228379292
-28.226801849
-28.227004007
-28.227506979
-28.227876208
-28.228051719
-28.228102928
-28.228115430
-28.228122514
-28.228124053
-28.228123014
-28.228120702
-28.228116456
-28.228113469
-28.228112426
-28.228111650
-28.228111527
EDFT+SIC
-42.508366200
-42.553934477
-42.560314549
-42.594354367
-42.558781877
-42.548012943
-42.544646015
-42.545100537
-42.547104504
-42.548575931
-42.549233817
-42.549428044
-42.549055398
-42.548609147
-42.548462007
-42.548429026
-42.548344753
-42.548570911
-42.548800124
-42.548891392
-42.548917840
-42.549062660
-42.549135555
-42.549154563
-42.549095062
-42.549037869
-42.548995381
-42.548960294
-42.548923514
-42.548889384
-42.548866239
-42.548858377
-42.548855943
-42.548854539
-42.548856619
-42.548856945
-42.548859550
EDFT+SIC
-60.485826809
-60.542973252
-60.549870578
-60.384840140
-60.486808313
-60.511177004
-60.522832230
-60.526950811
-60.528252156
-60.529481558
-60.528229382
-60.528841701
-60.530718203
-60.531810611
-60.532182326
-60.532238905
-60.532233778
-60.532382155
-60.532453454
-60.532460891
-60.532455388
-60.532454321
-60.532455977
-60.532453951
-60.532451864
-60.532451488
-60.532452115
EDFT+SIC
-82.413294600
-82.485170517
-82.493109693
-82.285334607
-82.403258817
-82.431376441
-82.450474608
-82.457957437
-82.461468954
-82.464277158
-82.466237080
-82.466986783
-82.467214511
-82.467288377
-82.467293357
-82.467283315
-82.467317402
-82.467356467
-82.467373755
-82.467352013
-82.467345968
-82.467304964
-82.467270546
-82.467247747
-82.467231224
-82.467217440
-82.467205224
-82.467193463
-82.467181430
-82.467171178
-82.467163826
-82.467164091
-82.467176624
EDFT+SIC
-108.571369148
-108.654183071
-108.661859524
-108.494658132
-108.567548001
-108.585727447
-108.609249713
-108.619600383
-108.624114075
-108.625783818
-108.626999487
-108.627742379
-108.628056130
-108.628137932
-108.628266284
-108.628246737
-108.628161377
-108.628088733
-108.628058503
-108.628062051
-108.628054925
-108.628034463
-108.628022004
-108.628018277
-108.628015730
-108.628019601
-108.628026570
-108.628029543
-108.628033436
-108.628035281
-108.628036893
-108.628037095
-108.628033461
EDFT+SIC
-139.372595288
-139.472923212
-139.479718675
-139.329160910
-139.376808079
-139.388778623
-139.424540032
-139.436076261
-139.437798628
-139.415944661
-139.439792910
-139.436589239
-139.438693391
-139.437877087
-139.437856184
-139.437824516
-139.437830583
-139.437667394
-139.437594294
-139.437595101
-139.437616213
EDFT+SIC
-174.246936307
-174.308666857
-174.314837613
-174.191355379
-174.259473457
-174.274690137
-174.282929292
-174.288846099
-174.290262335
-174.291031954
-174.291189822
-174.291031599
-174.291113648
-174.291140506
-174.291146687
-174.291288034
-174.291322115
-174.291328242
-174.291380546
-174.291436921
-174.291489700
-174.291528891
-174.291552830
-174.291577896
-174.291614668
-174.291646457
-174.291662150
-174.291665938
-174.291664727
-174.291664085
-174.291666373
EDFT+SIC
-213.687567398
-213.748393213
-213.753650849
-213.673542187
-213.719492580
-213.726740564
-213.728066640
-213.732761407
-213.734306893
-213.734553512
-213.734922482
-213.734646147
-213.734166750
-213.733694881
-213.733377744
-213.733217869
-213.733156460
-213.733140769
-213.733145980
-213.733168317
-213.733173883
-213.733173881
-213.733174845
EDFT+SIC
-257.724857048
-257.789863404
-257.795697628
-257.728707290
-257.769871039
-257.776750854
-257.777016861
-257.778331916
-257.778413478
-257.778288450
-257.778237587
-257.777870275
-257.777544647
-257.777393982
-257.777346700
-257.777358513
-257.777462838
-257.777537742
-257.777572581
-257.777582114
-257.777588731
-257.777570350
-257.777615853
-257.777648424
-257.777663155
-257.777668215
-257.777670881
-257.777666828
-257.777666895
-257.777668114
EDFT+SIC
-306.532096033
-306.606968120
-306.613203119
-306.547526716
-306.583559629
-306.589020573
-306.591379070
-306.594385775
-306.594680919
-306.594569728
-306.594152182
-306.594135119
-306.593203651
-306.592820846
-306.592765831
-306.592866741
-306.592883797
-306.592904077
-306.592922973
-306.593005140
-306.593025356
-306.593009718
-306.593013247
-306.593025555
-306.593032361
-306.593039591
-306.593043334
-306.593045994
-306.593048651
-306.593058350
-306.593067224
-306.593073684
-306.593085055
-306.593089867
-306.593086629
-306.593093943
-306.593098886
-306.593103641
-306.593111739
-306.593115577
-306.593119281
-306.593122309
-306.593124909
-306.593127291
-306.593129567
-306.593131730
-306.593133102
-306.593128285
-306.593135972
-306.593139747
-306.593141620
-306.593144285
-306.593145956
-306.593148689
-306.593152067
-306.593154984
-306.593158180
-306.593161064
-306.593163664
-306.593165940
-306.593168399
-306.593170461
-306.593165260
-306.593174947
-306.593178946
-306.593180547
-306.593182304
-306.593184384
-306.593185690
-306.593187197
-306.593189203
-306.593191178
-306.593192910
-306.593194713
-306.593196500
-306.593198062
-306.593199544
-306.593196758
-306.593202818
-306.593205889
-306.593207845
-306.593209413
-306.593211546
-306.593213834
-306.593215347
-306.593216439
-306.593218237
-306.593219960
-306.593221495
-306.593222949
-306.593224296
-306.593225112
-306.593221960
EDFT+SIC
-360.280929839
-360.368951323
-360.375674931
-360.307820516
-360.336567365
-360.342073169
-360.351178160
-360.355672509
-360.357162450
-360.355367288
-360.353892730
-360.353451125
-360.353377226
-360.353441122
-360.353413052
-360.353385903
-360.353361806
-360.353359331
-360.353361644
-360.353358710
-360.353358436
-360.353358922
EDFT+SIC
-419.106054288
-419.193939748
-419.201366016
-419.117240919
-419.152930383
-419.160319336
-419.167951633
-419.172282721
-419.175857481
-419.176966325
-419.176884941
-419.177060741
-419.176532218
-419.176312240
-419.176270596
-419.176236733
-419.176259228
-419.176238485
-419.176235934
-419.176264769
-419.176283173
-419.176292764
-419.176296462
-419.176305857
-419.176313364
-419.176315821
-419.176318992
-419.176320994
-419.176322031
-419.176324060
-419.176325072
-419.176327425
-419.176338497
-419.176338679
-419.176339625
EDFT+SIC
-483.141816626
-483.238385081
-483.245683340
-483.158327478
-483.189985357
-483.196912144
-483.206025148
-483.210405897
-483.213117640
-483.216018346
-483.217122295
-483.217400840
-483.217510761
-483.217587357
-483.217571997
-483.217587285
-483.217339872
-483.217231836
-483.217222154
-483.217223329
-483.217280121
-483.217311443
-483.217322553
-483.217326340
-483.217319907
-483.217279575
-483.217245500
-483.217235494
-483.217237544
-483.217227286
-483.217220858
-483.217219659
-483.217212236
-483.217218503
-483.217219947
-483.217229212
-483.217230615
-483.217233286
-483.217235016
-483.217236966
-483.217239767
-483.217240481
-483.217242004
EDFT+SIC
-552.577733202
-552.677331255
-552.684251010
-552.597509228
-552.621522859
-552.627515917
-552.641331386
-552.646393842
-552.647213958
-552.649313275
-552.652020285
-552.652458996
-552.652388189
-552.652285748
-552.652223019
-552.652174570
-552.652163002
-552.652166929
-552.652177718
-552.652185308
-552.652187563
-552.652186520
-552.652186987
-552.652187738
