EDFT+SIC
-0.521607520
-0.522041821
-0.522062470
-0.522056531
-0.522061766
-0.522062488
-0.522062636
EDFT+SIC
-2.978767312
-2.979868446
-2.979806918
-2.979200590
-2.979831908
-2.979871492
-2.979871408
-2.979870370
EDFT+SIC
-7.628892959
-7.630287770
-7.630273326
-7.630001899
-7.630299522
-7.630305433
-7.630305226
-7.630305276
EDFT+SIC
-14.891197922
-14.892969527
-14.892944456
-14.892520386
-14.892965934
-14.892975552
-14.892974712
-14.892975159
EDFT+SIC
-24.984468243
-24.986670672
-24.986567701
-24.984631517
-24.986575387
-24.986694192
-24.986697702
-24.986699392
-24.986700458
-24.986700148
-24.986699681
EDFT+SIC
-38.286986217
-38.289562262
-38.289329877
-38.283259511
-38.289400094
-38.289670146
-38.289640554
-38.289650694
-38.289673588
-38.289677420
-38.289675752
-38.289674952
-38.289676879
EDFT+SIC
-55.143463876
-55.146330897
-55.145960740
-55.117383091
-55.143106989
-55.145812658
-55.146465869
-55.146581711
-55.146604687
-55.146621260
-55.146602085
-55.146611166
-55.146630563
-55.146634800
-55.146635081
-55.146635062
EDFT+SIC
-75.772155096
-75.775126558
-75.774548369
-75.739055990
-75.770170835
-75.773893383
-75.775366463
-75.775666503
-75.775749073
-75.775787490
-75.775799173
-75.775800435
-75.775800626
-75.775800803
EDFT+SIC
-100.577783270
-100.580453291
-100.579757170
-100.561824253
-100.577302064
-100.579506037
-100.581335545
-100.581696863
-100.581763753
-100.581774159
-100.581776967
-100.581776924
-100.581776751
EDFT+SIC
-129.917969571
-129.920497617
-129.919811563
-129.909753294
-129.918324023
-129.919748245
-129.922340820
-129.922537681
-129.922538846
-129.921938913
-129.922526155
-129.922538412
-129.922536050
-129.922538523
-129.922538557
-129.922538607
EDFT+SIC
-163.399739685
-163.402027920
-163.401670906
-163.391286918
-163.401212610
-163.402136561
-163.402412331
-163.402502071
-163.402509579
-163.402511388
-163.402511600
-163.402511502
EDFT+SIC
-201.365931966
-201.368740899
-201.368480028
-201.364810924
-201.368876333
-201.369060893
-201.369080502
-201.369113691
-201.369111627
-201.369110791
-201.369109035
EDFT+SIC
-243.837241583
-243.840178927
-243.839981350
-243.837648591
-243.840408980
-243.840478611
-243.840481393
-243.840481723
-243.840482917
EDFT+SIC
-291.025078986
-291.028634773
-291.028390615
-291.026565762
-291.028851422
-291.028946524
-291.028965004
-291.028965448
-291.028965233
EDFT+SIC
-343.097071240
-343.101572490
-343.101279017
-343.099546056
-343.101593021
-343.101791076
-343.101947695
-343.101943513
-343.101930287
-343.101947354
-343.101953079
-343.101953576
-343.101953594
EDFT+SIC
-400.141311777
-400.145463552
-400.145070308
-400.142007419
-400.145319218
-400.145687506
-400.145920451
-400.145983885
-400.145997089
-400.145995536
-400.145996981
-400.145996775
-400.145999507
EDFT+SIC
-462.368138956
-462.372361823
-462.371910595
-462.369035300
-462.372203493
-462.372623533
-462.372988289
-462.373085308
-462.373118315
-462.373132553
-462.373132953
-462.373133089
EDFT+SIC
-529.943943218
-529.948151310
-529.947692578
-529.945550162
-529.948059056
-529.948470937
-529.949083539
-529.949180752
-529.949188323
-529.949203960
-529.949210622
-529.949209960
-529.949210255
