EDFT+SIC
-0.811721533
-0.850167513
-0.860017896
-0.862163387
-0.862315450
-0.862337912
-0.862323843
-0.862301518
-0.862328350
-0.862339828
-0.862341872
EDFT+SIC
-3.919165103
-4.013471319
-4.019635447
-4.011237852
-4.017424871
-4.019341242
-4.019811157
-4.019937286
-4.019981871
-4.019982227
-4.019908775
EDFT+SIC
-9.238845936
-9.347318340
-9.354924704
-9.352629802
-9.356680021
-9.357240449
-9.357283574
-9.357355698
-9.357391089
-9.357400550
-9.357410548
-9.357416971
-9.357419798
-9.357421650
-9.357422954
-9.357424413
-9.357425476
-9.357426329
-9.357426964
EDFT+SIC
-17.284627565
-17.413440449
-17.422249101
-17.418006509
-17.422856676
-17.423086297
-17.423121191
-17.423070319
-17.423018778
-17.422992603
-17.422975257
-17.422966764
-17.422962550
-17.422968688
-17.422979089
-17.422988184
-17.422994331
-17.422997992
-17.423000101
-17.423001385
-17.423002178
-17.423002587
EDFT+SIC
-28.335913320
-28.511021928
-28.524346743
-28.512380382
-28.523680474
-28.524922766
-28.525369905
-28.525578197
-28.525659056
-28.524763278
-28.524715932
-28.525835073
-28.526123189
-28.526191653
-28.526233245
-28.526256170
-28.526341029
-28.526401428
-28.526462476
-28.526508767
-28.526559698
-28.526606709
-28.526663146
-28.526728067
-28.526790865
-28.526863797
-28.526951778
-28.527040410
-28.527123938
-28.527205220
-28.527279853
-28.527391830
-28.527731462
-28.527983648
-28.528206650
-28.528509007
-28.528789564
-28.529045391
-28.529282324
-28.529505150
-28.529714844
-28.529911422
-28.530095269
-28.530266785
-28.530426397
-28.530574563
-28.530816001
-28.532031833
-28.532701039
-28.533157712
-28.533510027
-28.534062914
-28.534625996
-28.535163413
-28.535630973
-28.536046990
-28.536404371
-28.536703709
-28.536960380
-28.537177256
-28.537365581
-28.537707376
-28.539165353
-28.539921650
-28.540436466
-28.540885315
-28.541377697
-28.541793231
-28.542137518
-28.542480099
-28.542742505
-28.543005543
-28.543219939
-28.543385569
-28.543505766
-28.543595299
-28.543699592
-28.544043752
-28.544219351
-28.544321703
-28.544380075
-28.544471115
-28.544545768
-28.544605394
-28.544647954
-28.544683301
-28.544715131
-28.544740820
-28.544768237
-28.544797840
-28.544824402
-28.544849706
-28.544900976
-28.544930932
-28.544955022
-28.544974170
-28.544997065
-28.545017440
-28.545035761
-28.545051613
-28.545064723
-28.545076155
-28.545085889
-28.545095107
-28.545104416
-28.545113070
-28.545122537
-28.545147334
-28.545163520
-28.545176453
-28.545187873
-28.545202197
-28.545215783
-28.545228118
-28.545239279
-28.545249149
-28.545258058
-28.545266149
-28.545273470
-28.545280091
-28.545286089
-28.545293031
-28.545313219
-28.545327945
-28.545338579
-28.545347616
-28.545357475
-28.545368569
-28.545378413
-28.545388424
-28.545399367
-28.545410940
-28.545421820
-28.545431947
-28.545442006
-28.545451845
-28.545461453
-28.545443657
-28.545458443
-28.545472337
-28.545483914
-28.545494991
-28.545505698
-28.545515454
-28.545526364
-28.545536991
-28.545546231
-28.545554652
-28.545562358
-28.545569389
-28.545575778
-28.545582474
-28.545600389
-28.545611721
-28.545620477
-28.545628404
-28.545635460
-28.545641475
-28.545651456
-28.545661072
-28.545670255
-28.545678397
-28.545685387
-28.545691548
-28.545696981
-28.545701808
-28.545707071
-28.545720560
-28.545730682
-28.545738216
-28.545744850
-28.545751425
-28.545758840
-28.545766012
-28.545773088
-28.545780804
-28.545788387
-28.545795406
-28.545801817
-28.545807605
-28.545812801
-28.545818187
-28.545831794
-28.545840949
-28.545847664
-28.545853688
-28.545859232
-28.545864265
-28.545870940
-28.545877154
-28.545883331
-28.545888809
-28.545893614
-28.545897863
-28.545901751
-28.545905613
-28.545909778
-28.545920318
-28.545927716
-28.545933469
-28.545938573
-28.545943197
-28.545948361
-28.545954265
-28.545960233
-28.545965515
-28.545970052
-28.545974214
-28.545978046
-28.545981558
-28.545984774
-28.545988334
-28.545997330
-28.546004551
-28.546009639
-28.546014206
-28.546018654
-28.546023862
-28.546028705
-28.546033965
-28.546038681
-28.546042978
-28.546046803
-28.546050353
-28.546054002
-28.546058334
-28.546062673
-28.546076941
-28.546082212
-28.546086910
-28.546091460
-28.546095535
-28.546101335
-28.546107755
-28.546113636
-28.546119468
-28.546124933
-28.546130108
-28.546134820
-28.546139123
-28.546143086
-28.546147050
-28.546157297
-28.546163479
-28.546168380
-28.546172915
-28.546177654
-28.546181246
-28.546185430
-28.546189215
-28.546193755
-28.546198067
-28.546202053
-28.546206123
-28.546209972
-28.546213471
-28.546216977
-28.546226347
-28.546229056
-28.546231497
-28.546235440
-28.546238507
-28.546241567
-28.546246384
-28.546251142
-28.546255315
-28.546259059
-28.546262586
-28.546265783
-28.546268716
-28.546271416
-28.546274238
-28.546280204
-28.546284827
-28.546289035
-28.546292988
-28.546297114
-28.546301255
-28.546304924
-28.546308203
-28.546311162
-28.546313894
-28.546316410
-28.546318736
-28.546320859
-28.546322831
-28.546324989
-28.546330194
-28.546334853
-28.546337795
-28.546340780
-28.546343599
-28.546346265
-28.546348696
-28.546350916
-28.546352966
-28.546354867
-28.546356741
-28.546358442
-28.546359805
-28.546361012
-28.546362539
-28.546367100
-28.546371053
-28.546374127
-28.546376974
-28.546380031
-28.546383663
-28.546387214
-28.546390383
-28.546393304
-28.546395983
-28.546398467
-28.546400802
-28.546403024
-28.546405138
-28.546407360
-28.546412698
-28.546416805
-28.546419499
-28.546422022
-28.546424318
-28.546426451
-28.546429530
-28.546432561
-28.546435441
-28.546438137
-28.546440558
-28.546442782
-28.546444848
-28.546446759
-28.546448785
-28.546453539
-28.546457401
-28.546459883
-28.546462222
-28.546464309
-28.546466420
-28.546468985
-28.546471447
-28.546473931
-28.546476478
-28.546479466
-28.546482476
-28.546485289
-28.546487867
-28.546490411
-28.546502282
-28.546505880
-28.546508250
-28.546512857
-28.546516979
-28.546520671
-28.546525530
-28.546529918
-28.546533582
-28.546536732
-28.546539217
-28.546541297
-28.546543139
-28.546544808
-28.546546555
-28.546549605
-28.546552816
-28.546555746
-28.546558881
-28.546561815
-28.546564494
-28.546566971
-28.546569230
-28.546571311
-28.546573212
-28.546574955
-28.546576548
-28.546578004
-28.546579333
-28.546580785
-28.546584230
-28.546586785
-28.546588643
-28.546590326
-28.546592354
-28.546594587
-28.546596551
-28.546598710
-28.546601189
-28.546603587
-28.546605917
-28.546608176
-28.546610304
-28.546612267
-28.546614213
-28.546620436
-28.546623765
-28.546626073
-28.546628363
-28.546630424
-28.546632896
-28.546635914
-28.546637289
-28.546638434
-28.546640422
-28.546643089
-28.546645618
-28.546647928
-28.546650237
-28.546652459
-28.546654354
-28.546656646
-28.546658929
-28.546661065
-28.546663248
-28.546665325
-28.546667215
-28.546668969
-28.546670576
-28.546672055
-28.546673411
-28.546674654
-28.546675791
-28.546676831
-28.546677982
-28.546680888
-28.546683633
-28.546685144
-28.546686758
-28.546688329
-28.546689764
-28.546691062
-28.546692247
-28.546693338
-28.546694358
-28.546695317
-28.546696198
EDFT+SIC
-42.684909953
-42.902336172
-42.910812569
-42.873222151
-42.908702486
-42.913353076
-42.914613738
-42.915059478
-42.915242593
-42.914929413
-42.913851945
-42.912841409
-42.912267897
-42.912038808
-42.912896539
-42.913163877
-42.911444683
-42.910695396
-42.909107895
-42.908476902
-42.908482649
-42.908463663
-42.907905663
-42.907717230
-42.907364902
-42.907012912
-42.907106325
-42.910411640
-42.912665452
-42.913903554
-42.914409202
-42.914754306
-42.915159643
-42.915359643
-42.915453660
-42.915508255
-42.915551313
-42.915592445
-42.915622713
-42.915653546
-42.915684271
-42.915719547
-42.915745648
-42.915786204
-42.915818963
-42.915846877
-42.915870640
-42.915891182
-42.915917167
-42.915970750
-42.916028296
-42.916107958
-42.916185126
-42.916266575
-42.916339395
-42.916412001
-42.916488159
-42.916561043
-42.916630652
-42.916692030
-42.916747613
-42.916828588
-42.917009978
-42.917053048
-42.917085209
-42.917205510
-42.917370683
-42.917532367
-42.917689397
-42.917849249
-42.918010209
-42.918151915
-42.918312667
-42.918456339
-42.918587718
-42.918705682
-42.918830454
-42.919024429
-42.919115938
-42.919207096
-42.919263981
-42.919373741
-42.919489702
-42.919602173
-42.919688612
-42.919758020
-42.919820886
-42.919884076
-42.919931570
-42.920008187
-42.920066395
-42.920114694
-42.920170739
-42.920187719
-42.920191556
-42.920230288
-42.920261158
-42.920289613
-42.920312682
-42.920330826
-42.920346786
-42.920360083
-42.920368572
-42.920374920
-42.920381504
-42.920386834
-42.920386459
-42.920342584
EDFT+SIC
-60.698661353
-60.951805316
-60.948799628
-60.858621897
-60.948232190
-60.959516418
-60.961188350
-60.961322706
-60.960749703
-60.959272215
-60.958400169
-60.957936090
-60.957774358
-60.957345856
-60.957586367
-60.958449928
-60.959227692
-60.959770958
-60.960176160
-60.960520645
-60.960803695
-60.961008950
-60.961142212
-60.961222920
-60.961270330
-60.961298170
-60.961314754
-60.961324618
-60.961330152
-60.961332844
-60.961333744
-60.961334016
EDFT+SIC
-82.665985548
-82.964795721
-82.942863622
-82.745501077
-82.945047185
-82.971332532
-82.971820554
-82.968509900
-82.965833337
-82.964519341
-82.962863620
-82.956389851
-82.948968551
-82.943965270
-82.941230134
-82.939895023
-82.938771371
-82.938750936
-82.944414551
-82.952994918
-82.961331277
-82.967621660
-82.971240256
-82.972612605
-82.972798699
-82.972695027
-82.972707771
-82.972770349
-82.972758614
-82.972726087
-82.972709661
-82.972705957
-82.972755521
-82.972726359
-82.972722449
-82.972731641
-82.972731162
-82.972731989
EDFT+SIC
-108.863275605
-109.189273298
-109.143780774
-108.756640845
-109.153239691
-109.201035003
-109.192224506
-109.176604372
-109.166196454
-109.160555046
-109.160861319
-109.165666826
-109.181614545
-109.194404945
-109.200266559
-109.201596499
-109.201346141
-109.201153178
-109.201556622
-109.201606335
-109.201595127
-109.201599395
-109.201611251
-109.201615631
-109.201618002
-109.201619515
-109.201622873
-109.201624515
-109.201626496
-109.201627825
-109.201629632
-109.201631563
-109.201633625
-109.201635983
-109.201638784
-109.201641451
-109.201643998
-109.201646548
-109.201649168
-109.201651736
-109.201654170
-109.201656500
-109.201658749
-109.201660924
-109.201663028
-109.201665063
-109.201667047
-109.201669139
-109.201672116
-109.201674598
-109.201676933
-109.201679760
-109.201682637
-109.201685170
-109.201687532
-109.201689786
-109.201691958
-109.201694048
-109.201696078
-109.201698043
-109.201699965
-109.201701876
-109.201704096
-109.201707111
-109.201709882
-109.201712421
-109.201715192
-109.201717802
-109.201720326
-109.201722729
-109.201725023
-109.201727229
-109.201729358
-109.201731415
-109.201733402
-109.201735324
-109.201737188
-109.201739068
-109.201741981
-109.201744400
-109.201746586
-109.201749023
-109.201751507
-109.201753581
-109.201755653
-109.201758101
-109.201760717
-109.201763318
-109.201765798
-109.201768177
-109.201770474
-109.201772724
-109.201775435
-109.201779283
-109.201782363
-109.201785150
-109.201787924
-109.201790832
-109.201793697
-109.201796354
-109.201798887
-109.201801305
-109.201803591
-109.201805855
-109.201808072
-109.201810244
-109.201812398
-109.201814687
-109.201817980
-109.201820315
-109.201822440
-109.201824971
-109.201827509
-109.201829985
-109.201832399
-109.201834797
-109.201837284
-109.201839952
-109.201842608
-109.201845059
-109.201847219
-109.201849208
-109.201851371
-109.201854394
-109.201857293
-109.201859526
-109.201861762
-109.201864200
-109.201866819
-109.201869459
-109.201871918
-109.201874288
-109.201876562
-109.201878763
-109.201880955
-109.201883202
-109.201885553
-109.201887798
-109.201891959
-109.201894989
-109.201897523
-109.201899927
-109.201902251
-109.201904494
-109.201906666
-109.201908773
-109.201910817
-109.201912795
-109.201914708
-109.201916557
-109.201918343
-109.201920097
-109.201922031
-109.201924881
-109.201927289
-109.201929528
-109.201931718
-109.201934271
-109.201936833
-109.201939374
-109.201942014
-109.201944682
-109.201947287
-109.201949812
-109.201952254
-109.201954617
-109.201956912
-109.201959229
-109.201962790
-109.201965456
-109.201967833
-109.201970668
-109.201973492
-109.201975742
-109.201977665
-109.201979526
-109.201981525
-109.201983703
-109.201986024
-109.201988458
-109.201991061
-109.201993721
-109.201996195
-109.201998665
-109.202001539
-109.202004423
-109.202007198
-109.202009868
-109.202012444
-109.202014933
-109.202017341
-109.202019674
-109.202021933
-109.202024120
-109.202026236
-109.202028283
-109.202030288
-109.202032484
-109.202035513
-109.202037889
-109.202040164
-109.202043087
-109.202046076
-109.202049020
-109.202051985
-109.202054879
-109.202057662
-109.202060338
-109.202062918
-109.202065404
-109.202067803
-109.202070133
-109.202072537
-109.202076256
-109.202078559
-109.202080616
-109.202083210
-109.202085886
-109.202088507
-109.202091033
-109.202093478
-109.202095843
-109.202098143
-109.202100393
-109.202102607
-109.202104903
-109.202107371
-109.202109153
-109.202110816
-109.202113108
-109.202115877
-109.202118657
-109.202121377
-109.202123998
-109.202126467
-109.202128813
-109.202131043
-109.202133183
-109.202135245
-109.202137242
-109.202139178
-109.202141087
-109.202143220
-109.202146162
-109.202148495
-109.202150715
-109.202153512
-109.202156414
-109.202159236
-109.202161969
-109.202164580
-109.202167092
-109.202169526
-109.202171874
-109.202174143
-109.202176329
-109.202178481
-109.202181161
-109.202184553
-109.202187528
-109.202190249
-109.202192979
-109.202195356
-109.202197537
-109.202199734
-109.202202085
-109.202204624
-109.202207308
-109.202209955
-109.202212440
-109.202214800
-109.202217096
-109.202219294
-109.202222975
-109.202225575
-109.202227807
-109.202230287
-109.202232728
-109.202235175
-109.202237759
-109.202240538
-109.202243316
-109.202245893
-109.202248313
-109.202250628
-109.202252858
-109.202255034
-109.202257301
-109.202260586
-109.202262954
-109.202265150
-109.202267845
-109.202270591
-109.202273256
-109.202275871
-109.202278583
-109.202281397
-109.202284064
-109.202286197
-109.202287747
-109.202288986
-109.202290188
-109.202291829
-109.202294323
-109.202296353
-109.202298690
-109.202301355
-109.202304176
-109.202306972
-109.202309668
-109.202312273
-109.202314782
-109.202317200
-109.202319535
-109.202321788
-109.202323963
-109.202326089
-109.202328361
-109.202331515
-109.202334087
-109.202336513
-109.202339261
-109.202342080
-109.202344738
-109.202347281
-109.202349730
-109.202352126
-109.202354491
-109.202356772
-109.202358805
-109.202360624
-109.202362366
-109.202364347
-109.202367119
-109.202369916
-109.202372207
-109.202374541
-109.202376713
-109.202379075
-109.202381402
-109.202383769
-109.202386261
-109.202388823
-109.202391319
-109.202393630
-109.202395722
-109.202397684
-109.202399754
-109.202402685
-109.202405077
-109.202407443
-109.202409768
-109.202412420
-109.202415011
-109.202417488
-109.202420013
-109.202422558
-109.202425043
-109.202427427
-109.202429735
-109.202431979
-109.202434191
-109.202436240
-109.202440244
-109.202442770
-109.202444838
-109.202447091
-109.202449352
-109.202451845
-109.202454546
-109.202457229
-109.202459706
-109.202462030
-109.202464237
-109.202466347
-109.202468373
-109.202470346
-109.202472391
-109.202475348
-109.202477421
-109.202479371
-109.202481723
-109.202484113
-109.202486457
-109.202488806
-109.202491237
-109.202493671
-109.202496045
-109.202498365
-109.202500679
-109.202503040
-109.202505388
-109.202507409
-109.202509140
-109.202511160
-109.202513535
-109.202515844
-109.202518056
-109.202520186
-109.202522235
-109.202524211
-109.202526118
-109.202527959
-109.202529735
-109.202531448
-109.202533098
-109.202534724
-109.202536505
-109.202539063
-109.202541114
-109.202542979
-109.202545134
-109.202547578
-109.202549976
-109.202552014
-109.202554112
-109.202556278
-109.202558543
-109.202560905
-109.202563333
-109.202565781
-109.202568208
-109.202570579
-109.202572801
-109.202575059
-109.202577338
-109.202579589
-109.202581814
-109.202584025
-109.202586226
-109.202588492
-109.202590865
-109.202593280
-109.202595640
-109.202597904
-109.202600057
-109.202602121
-109.202600209
-109.202609832
-109.202612741
-109.202614503
-109.202616474
-109.202618479
-109.202620411
-109.202622285
-109.202624136
-109.202625936
-109.202627667
-109.202629308
-109.202630884
-109.202632408
-109.202633915
-109.202635539
-109.202637893
-109.202639806
-109.202641565
-109.202643566
-109.202645694
-109.202647668
-109.202649646
-109.202651445
-109.202653135
-109.202654704
-109.202656207
-109.202657672
-109.202659083
-109.202660474
-109.202661959
-109.202664156
-109.202666049
-109.202667901
-109.202669677
-109.202671631
-109.202673449
-109.202675210
-109.202677081
-109.202678904
-109.202680675
-109.202682405
-109.202684134
-109.202685937
-109.202687786
-109.202689367
-109.202690955
-109.202692752
-109.202694743
-109.202696742
-109.202698684
-109.202700565
-109.202702379
-109.202704128
-109.202705807
-109.202707419
-109.202708967
-109.202710457
-109.202711893
-109.202713308
-109.202714810
-109.202716961
-109.202718541
-109.202720062
-109.202721862
-109.202723716
-109.202725539
-109.202727320
-109.202729157
-109.202731024
-109.202732960
-109.202734829
-109.202736600
-109.202738272
-109.202739880
-109.202740847
-109.202744582
EDFT+SIC
-139.705181782
-140.057972449
-139.991102989
-139.280294866
-139.997933805
-140.080859341
-140.051422315
-140.012484899
-139.988201689
-139.984102066
-139.981809949
-139.987498402
-140.001543615
-140.002407131
-140.050605471
-140.073628903
-140.080072036
-140.081243626
-140.081372016
-140.081365738
-140.081343407
-140.081339873
-140.081364537
-140.081372486
-140.081374204
-140.081372056
-140.081368902
-140.081365761
-140.081363299
-140.081361685
-140.081360805
-140.081360623
EDFT+SIC
-174.611285176
-174.859019125
-174.843452410
-174.633999444
-174.839077455
-174.864997405
-174.864149513
-174.864626144
-174.864914756
-174.865164823
-174.865160065
-174.865176556
-174.865178088
-174.865165199
-174.865160446
-174.865162370
-174.865163488
-174.865162628
-174.865159634
EDFT+SIC
-214.086037227
-214.343224018
-214.331831222
-214.071559798
-214.327842214
-214.346137953
-214.348317681
-214.349161626
-214.348749669
-214.348689814
-214.348686879
-214.348883303
-214.348957656
-214.349038289
-214.349175491
-214.349266462
-214.349316250
-214.349366069
-214.349405807
-214.349441413
-214.349481627
-214.349526482
-214.349566748
-214.349610116
-214.349645808
-214.349679693
-214.349717125
-214.349759299
-214.349804602
-214.349846187
-214.349887466
-214.349958863
-214.350218820
-214.350341079
-214.350483569
-214.350670814
-214.350899142
-214.351121404
-214.351335411
-214.351560621
-214.351800281
-214.352031290
-214.352274195
-214.352496647
-214.352719038
-214.352938652
-214.353221011
-214.354083168
-214.354601294
-214.355200757
-214.356070655
-214.356535516
-214.356959898
-214.357311201
-214.357585520
-214.357832116
-214.358064597
-214.358247444
-214.358461312
-214.358665690
-214.358856013
-214.359058809
-214.359524973
-214.359760635
-214.359914530
-214.360109983
-214.360229537
-214.360310193
-214.360365733
-214.360405380
-214.360437066
-214.360467041
-214.360492763
-214.360512378
-214.360530430
-214.360547186
-214.360563273
-214.360599800
-214.360613014
-214.360619105
-214.360630755
-214.360636482
-214.360639498
-214.360640753
-214.360642780
-214.360643651
-214.360644185
EDFT+SIC
-258.160538955
-258.438532108
-258.436168732
-258.206279861
-258.435472735
-258.450696517
-258.452943737
-258.453529103
-258.453462882
-258.452545018
-258.451561189
-258.450899670
-258.450300287
-258.449630573
-258.449172748
-258.449664567
-258.451125614
-258.452271910
-258.452963640
-258.453381238
-258.453619348
-258.453714266
-258.453755395
-258.453797887
-258.453816620
-258.453823169
-258.453825518
-258.453825589
-258.453824146
EDFT+SIC
-307.005200697
-307.319725203
-307.322639275
-307.065683792
-307.319663549
-307.337577131
-307.340767457
-307.341716933
-307.341813515
-307.341755241
-307.341653855
-307.341605621
-307.341238232
-307.341180129
-307.341855143
-307.341914676
-307.341745829
-307.341730006
-307.341597151
-307.341902989
-307.341959913
-307.341858632
-307.341763099
-307.341639948
-307.341532391
-307.341432696
-307.341316719
-307.341145991
-307.340967228
-307.340803875
-307.340632441
-307.340672186
-307.341374021
-307.341579066
-307.341595507
-307.341538776
-307.341525732
-307.341539548
-307.341556951
-307.341593857
-307.341610470
-307.341571683
-307.341474482
-307.341344786
-307.341190657
-307.341022268
-307.340971522
-307.341617891
-307.341520642
-307.341610522
-307.341626461
-307.341646198
-307.341644095
-307.341633315
-307.341617898
-307.341592189
-307.341551461
-307.341495290
-307.341428128
-307.341344713
-307.341252294
-307.341173649
-307.341261065
-307.341147839
-307.341034339
-307.340974501
-307.340856447
-307.340652287
-307.340437732
-307.340207173
-307.339968831
-307.339740455
-307.339533415
-307.339350560
-307.339182969
-307.338995845
-307.338884404
-307.339004467
-307.338790202
-307.338705366
-307.338431989
-307.338327441
-307.338216017
-307.338153695
-307.338081769
-307.338006159
-307.337946591
-307.337863446
-307.337773001
-307.337696366
-307.337597796
-307.337481399
-307.337265962
-307.337043511
-307.336896730
-307.336706701
-307.336556898
-307.336428619
-307.336310666
-307.336209736
-307.336121315
-307.336044270
-307.335979440
-307.335925108
-307.335879566
-307.335839248
-307.335806606
-307.335781308
-307.335745219
-307.335723675
-307.335651370
-307.335614292
-307.335582201
-307.335555423
-307.335533814
-307.335511667
-307.335482141
-307.335450494
-307.335422141
-307.335396331
-307.335375054
-307.335356084
-307.335326488
-307.335293246
-307.335267605
-307.335248515
-307.335228722
-307.335208653
-307.335189355
-307.335173040
-307.335159538
-307.335148031
-307.335138028
-307.335129679
-307.335122658
-307.335116865
-307.335113021
-307.335113870
-307.335095858
EDFT+SIC
-360.791951023
-361.159410597
-361.166903632
-360.919761717
-361.165258096
-361.183900077
-361.186194802
-361.186640504
-361.185049037
-361.184303462
-361.184600373
-361.185277385
-361.185742125
-361.185989139
-361.186133405
-361.186265266
-361.186391021
-361.186473587
-361.186512563
-361.186528392
-361.186534651
-361.186538250
-361.186539519
-361.186525784
-361.186515141
-361.186504867
-361.186496041
-361.186489562
-361.186485636
-361.186484027
-361.186485193
-361.186486641
-361.186492566
-361.186494973
-361.186495463
-361.186495860
EDFT+SIC
-419.657434676
-420.038607293
-420.042916182
-419.759570307
-420.033424118
-420.061273145
-420.065135388
-420.064487455
-420.063499445
-420.062292980
-420.063502816
-420.065559502
-420.065766659
-420.065741332
-420.065801006
-420.065603242
-420.065472770
-420.065403670
-420.065400036
-420.065395340
-420.065371761
-420.065359903
-420.065377018
-420.065382908
-420.065376487
-420.065387419
-420.065393104
-420.065397553
-420.065400041
-420.065407934
-420.065413135
-420.065430177
-420.065487641
-420.065511956
-420.065520607
-420.065517847
-420.065522327
-420.065514567
-420.065505045
-420.065513140
-420.065519955
-420.065523406
-420.065532681
-420.065537355
-420.065536576
-420.065536514
EDFT+SIC
-483.733040097
-484.143733606
-484.146379875
-483.744925103
-484.134555069
-484.175039814
-484.179102789
-484.177631768
-484.177748881
-484.179655433
-484.177193833
-484.176178873
-484.179527297
-484.180261166
-484.180259665
-484.180203439
-484.180042468
-484.179949172
-484.179805371
-484.179990774
-484.180124857
-484.180156753
-484.180227464
-484.180262584
-484.180273608
-484.180275132
-484.180270668
-484.180260386
-484.180250436
-484.180242775
-484.180235484
-484.180217832
-484.180135737
-484.180084084
-484.180059480
-484.180066768
-484.180064269
-484.180063484
-484.180059373
EDFT+SIC
-553.209142748
-553.642584660
-553.642285651
-553.048224362
-553.626750248
-553.683543029
-553.686466245
-553.683475716
-553.684444666
-553.687586258
-553.685548374
-553.683488656
-553.686840957
-553.688183672
-553.688232378
-553.688118861
-553.688075297
-553.688054188
-553.687986472
-553.687937316
-553.687915008
-553.687908789
-553.687911821
-553.687912068
-553.687911211
