EDFT+SIC
-0.789948156
-0.821712865
-0.830067838
-0.832005339
-0.832172318
-0.832196714
-0.832188642
-0.832172888
-0.832181812
-0.832191733
-0.832195978
-0.832197139
-0.832197337
-0.832197330
EDFT+SIC
-3.862473026
-3.939705012
-3.945137197
EDFT+SIC
-9.122179016
-9.210579922
-9.217053075
-9.213674311
-9.217794135
-9.218198231
-9.218450135
-9.218603451
-9.218671996
-9.218734442
-9.218720164
-9.218703090
-9.218695522
-9.218696384
-9.218697385
EDFT+SIC
-17.104513491
-17.208882378
-17.215952596
-17.211877244
-17.216223193
-17.216401132
-17.216462687
-17.216518029
-17.216485474
-17.216432438
-17.216393787
-17.216374355
-17.216373217
-17.216380974
-17.216378585
-17.216374332
-17.216371732
-17.216370617
-17.216370238
-17.216370275
EDFT+SIC
-28.084377810
-28.226885050
-28.237268338
-28.225710989
-28.236260955
-28.237403919
-28.237879668
-28.238090464
-28.238184655
-28.238205875
-28.238185039
-28.238292671
-28.238433616
-28.238488425
-28.238490105
-28.238484753
-28.238487212
-28.238483928
-28.238490075
-28.238495630
-28.238523454
-28.238538432
-28.238544230
-28.238553922
-28.238577641
-28.238601701
-28.238621535
-28.238639800
-28.238657204
-28.238674272
-28.238690786
-28.238707801
-28.238732786
-28.238760328
-28.238781273
-28.238817794
-28.238849085
-28.238877629
-28.238905294
-28.238931514
-28.238956610
-28.238980532
-28.239003346
-28.239025142
-28.239046026
-28.239066104
-28.239094833
-28.239207716
-28.239253851
-28.239328005
-28.239373654
-28.239437870
-28.239490731
-28.239543888
-28.239596266
-28.239637954
-28.239669951
-28.239696989
-28.239724733
-28.239754147
-28.239783174
-28.239827380
-28.240006556
-28.240130405
-28.240206456
-28.240273402
-28.240381341
-28.240491419
-28.240603678
-28.240755677
-28.240910319
-28.241058766
-28.241197362
-28.241324793
-28.241441724
-28.241549550
-28.241680215
-28.242298394
-28.242531412
-28.242621804
-28.242760737
-28.242891695
-28.243051824
-28.243267726
-28.243544566
-28.243814542
-28.244145566
-28.244366735
-28.244478705
-28.244510803
-28.244523535
-28.244621947
-28.245395442
-28.245752593
-28.245933458
-28.246081036
-28.246204826
-28.246359607
-28.246619309
-28.246853382
-28.247076537
-28.247271216
-28.247438779
-28.247581766
-28.247702818
-28.247806909
-28.247931500
-28.248321873
-28.248564740
-28.248706707
-28.248822045
-28.248973235
-28.249140827
-28.249279364
-28.249406011
-28.249525337
-28.249627088
-28.249713118
-28.249790684
-28.249854339
-28.249906329
-28.249962397
-28.250097282
-28.250166761
-28.250221760
-28.250280964
-28.250346962
-28.250401209
-28.250447775
-28.250486700
-28.250520494
-28.250550154
-28.250582633
-28.250613181
-28.250636909
-28.250658744
-28.250681481
-28.250728689
-28.250759969
-28.250785032
-28.250807229
-28.250833796
-28.250857658
-28.250879948
-28.250898850
-28.250915715
-28.250930999
-28.250945011
-28.250958253
-28.250970365
-28.250982191
-28.250995142
-28.251020267
-28.251039620
-28.251055873
-28.251075278
-28.251091826
-28.251107249
-28.251121295
-28.251134441
-28.251146840
-28.251159769
-28.251173401
-28.251186323
-28.251198410
-28.251210139
-28.251222002
-28.251246113
-28.251260330
-28.251272496
-28.251284146
-28.251295089
-28.251308076
-28.251321103
-28.251334999
-28.251347977
-28.251360264
-28.251371648
-28.251382378
-28.251392877
-28.251402848
-28.251412952
-28.251431643
-28.251444232
-28.251454647
-28.251464744
-28.251474495
-28.251484966
-28.251497551
-28.251509007
-28.251520124
-28.251530740
-28.251540804
-28.251550305
-28.251559187
-28.251567482
-28.251575991
-28.251590061
-28.251600847
-28.251609798
-28.251618556
-28.251627060
-28.251634710
-28.251639176
-28.251647964
-28.251658029
-28.251667077
-28.251675426
-28.251683254
-28.251690815
-28.251697758
-28.251704985
-28.251718819
-28.251729023
-28.251735181
-28.251742657
-28.251749796
-28.251756813
-28.251765162
-28.251773049
-28.251780475
-28.251785923
-28.251790685
-28.251795526
-28.251801481
-28.251808476
-28.251815182
-28.251830755
-28.251837932
-28.251845078
-28.251854472
-28.251863003
-28.251871179
-28.251881182
-28.251890078
-28.251898747
-28.251906703
-28.251912689
-28.251917718
-28.251922524
-28.251927120
-28.251932050
-28.251940933
-28.251948242
-28.251953281
-28.251958164
-28.251963239
-28.251968677
-28.251975144
-28.251981257
-28.251986889
-28.251992216
-28.251997487
-28.252002466
-28.252007258
-28.252011906
-28.252016761
-28.252025498
-28.252032034
-28.252037079
-28.252042121
-28.252047243
-28.252051792
-28.252056302
-28.252061677
-28.252065671
-28.252068983
-28.252073014
-28.252077304
-28.252081327
-28.252086287
-28.252091072
-28.252099922
-28.252104663
-28.252109523
-28.252113461
-28.252117566
-28.252121772
-28.252125723
-28.252129499
-28.252132926
-28.252137118
-28.252141873
-28.252146528
-28.252150873
-28.252155194
-28.252159528
-28.252170307
-28.252175850
-28.252181445
-28.252186738
-28.252191351
-28.252197429
-28.252203424
-28.252209158
-28.252214663
-28.252219461
-28.252223847
-28.252227902
-28.252231786
-28.252235512
-28.252239288
-28.252245420
-28.252250160
-28.252254233
-28.252258229
-28.252262257
-28.252266656
-28.252270969
-28.252274846
-28.252278510
-28.252282017
-28.252285368
-28.252288563
-28.252291611
-28.252294516
-28.252297566
-28.252302898
-28.252306962
-28.252310125
-28.252313334
-28.252316324
-28.252319610
-28.252323326
-28.252326876
-28.252330019
-28.252333105
-28.252336138
-28.252339189
-28.252342367
-28.252345637
-28.252348875
-28.252355030
-28.252358254
-28.252361541
-28.252363958
-28.252367410
-28.252371266
-28.252374945
-28.252378215
-28.252381514
-28.252384729
-28.252387997
-28.252391083
-28.252394509
-28.252397845
-28.252401095
-28.252403639
-28.252407040
-28.252410236
-28.252413183
-28.252416311
-28.252419581
-28.252422643
-28.252425501
-28.252428267
-28.252430845
-28.252433317
-28.252435608
-28.252437814
-28.252439923
-28.252442109
-28.252445739
-28.252448574
-28.252450753
-28.252453009
-28.252454995
-28.252457394
-28.252459825
-28.252462047
-28.252464360
-28.252467038
-28.252469749
-28.252472346
-28.252474900
-28.252477389
-28.252479845
-28.252481210
-28.252484133
-28.252486377
-28.252488605
-28.252491005
-28.252493529
-28.252496046
-28.252498442
-28.252500733
-28.252502938
-28.252505060
-28.252507080
-28.252508987
-28.252510806
-28.252512665
-28.252515575
-28.252517849
-28.252519708
-28.252521614
-28.252523339
-28.252525402
-28.252527548
-28.252529467
-28.252531383
-28.252533341
-28.252535397
-28.252537544
-28.252539678
-28.252541650
-28.252543623
-28.252545472
-28.252547741
-28.252549901
-28.252551588
-28.252553367
-28.252555111
-28.252556805
-28.252558450
-28.252560061
-28.252561600
-28.252563070
-28.252564466
-28.252565790
-28.252567047
-28.252568376
-28.252570622
-28.252572383
-28.252573677
-28.252575153
-28.252576585
-28.252577916
-28.252579197
-28.252580456
-28.252581712
-28.252582879
-28.252584031
-28.252585154
-28.252586305
-28.252587523
-28.252588767
-28.252590631
-28.252592218
-28.252593736
-28.252595238
-28.252596890
-28.252598518
-28.252600086
-28.252601612
-28.252603087
-28.252604513
-28.252605898
-28.252607263
-28.252608654
-28.252610050
-28.252611448
-28.252613630
-28.252614859
-28.252616229
-28.252616720
-28.252617839
EDFT+SIC
-42.365713366
-42.543314390
-42.549899832
-42.516424772
-42.548104048
-42.552256064
-42.553388935
-42.553721648
-42.553863848
-42.553913750
-42.553932978
-42.553927067
-42.553748471
-42.553349748
-42.552917129
-42.552598633
-42.552495210
-42.553091350
-42.553424298
-42.553551431
-42.553638513
-42.553819588
-42.553889708
-42.553905371
-42.553904182
-42.553879024
-42.553862678
-42.553861676
-42.553861811
-42.553861003
EDFT+SIC
-60.314256105
-60.520840902
-60.518360114
-60.440842807
-60.518375629
-60.527901452
-60.529176157
-60.529191291
-60.529041308
-60.528929959
-60.528503588
-60.526858724
-60.524715554
-60.523185132
-60.522439942
-60.521646260
-60.521720871
-60.523320988
-60.525501422
-60.527192422
-60.528202752
-60.528715967
-60.528957015
-60.529069006
-60.529124536
-60.529157799
-60.529183404
-60.529203300
-60.529216579
-60.529224136
-60.529227743
-60.529229069
-60.529230590
-60.529229615
-60.529228768
EDFT+SIC
-82.198555706
-82.443201880
-82.425323412
-82.258189577
-82.428170422
-82.449579860
-82.449620740
-82.447070970
-82.444882962
-82.443616356
-82.442879190
-82.441503271
-82.439612354
-82.436824930
-82.433871981
-82.431554674
-82.430204841
-82.429479653
-82.429165004
-82.430066963
-82.430796592
-82.431797806
-82.433481470
-82.436341544
-82.440391713
-82.444689522
-82.447952839
-82.449694289
-82.450347394
-82.450520976
-82.450544442
-82.450551057
-82.450592109
-82.450569252
-82.450541563
-82.450529786
-82.450523527
-82.450520184
-82.450518849
-82.450518094
-82.450517844
EDFT+SIC
-108.321751252
-108.588277901
-108.551690657
-108.227466995
-108.560221352
-108.599125993
-108.592553365
-108.580715959
-108.572344958
-108.568489759
-108.566973605
-108.565607358
-108.567889658
-108.572361986
-108.578923527
-108.586018230
-108.592393870
-108.596964363
-108.599174176
-108.599628768
-108.599596757
-108.599618696
-108.599616838
-108.599589957
-108.599570789
-108.599571193
-108.599605092
EDFT+SIC
-139.097352090
-139.386179743
-139.332878200
-138.747166448
-139.339701501
-139.406010417
-139.383454699
-139.351611299
-139.330729063
-139.319801286
-139.321879286
-139.325609283
-139.379970450
-139.404308904
-139.405508089
-139.401979247
-139.400210952
-139.398025230
-139.396299060
-139.395401133
-139.395056435
-139.394943219
-139.394892722
-139.394702265
-139.394325340
-139.393890045
-139.393569830
-139.393713913
-139.395994812
-139.397929135
-139.399972728
-139.402788199
-139.406256922
-139.406393715
-139.406385543
-139.406467504
-139.406468742
-139.406441060
-139.406426483
-139.406389635
-139.406341934
-139.406295185
-139.406263165
-139.406253623
-139.406276726
-139.406163021
-139.406199520
-139.406445597
-139.406457677
-139.406430160
-139.406436195
-139.406441309
-139.406442103
-139.406445397
EDFT+SIC
-173.912871485
-174.118132316
-174.105252649
-173.922096870
-174.097488929
-174.118648766
-174.121007400
-174.122723237
-174.123139181
-174.122957378
-174.122865674
-174.122942554
-174.123078331
-174.123106712
-174.123102766
-174.123093923
-174.123090443
-174.123086695
-174.123086301
-174.123085766
EDFT+SIC
-213.297520875
-213.508942393
-213.499258050
-213.292442252
-213.496991073
-213.510814294
-213.512853246
-213.513827812
-213.513778732
-213.513852687
-213.513857468
-213.513075428
-213.512255780
-213.512435750
-213.513315832
-213.513672879
-213.513747195
-213.513774019
-213.513740614
-213.513718456
-213.513741997
-213.513767022
-213.513781929
-213.513791462
-213.513805137
-213.513818840
-213.513827997
-213.513839272
-213.513846984
-213.513868760
-213.513893353
-213.513914629
-213.513934718
-213.513956550
-213.513940574
-213.513957849
-213.513982679
-213.514004832
-213.514033820
-213.514066780
-213.514099549
-213.514131177
-213.514162014
-213.514191938
-213.514220922
-213.514249399
-213.514282826
-213.514362590
-213.514443557
-213.514493888
-213.514589415
-213.514656389
-213.514713909
-213.514776169
-213.514843526
-213.514907173
-213.514968767
-213.515027189
-213.515082397
-213.515134283
-213.515182883
-213.515245380
-213.515476202
-213.515597578
-213.515753399
-213.515959556
-213.516108450
-213.516245020
-213.516375847
-213.516494350
-213.516601533
-213.516698024
-213.516784392
-213.516861353
-213.516929714
-213.516990329
-213.517069628
-213.517309093
-213.517342990
-213.517482510
-213.517663012
-213.517811693
-213.517940433
-213.518056463
-213.518165876
-213.518259703
-213.518347521
-213.518423190
-213.518478565
-213.518521836
-213.518558004
-213.518596571
-213.518692573
-213.518703038
-213.518719233
-213.518781194
-213.518816310
-213.518838531
-213.518858617
-213.518875112
-213.518890147
-213.518900805
-213.518913909
-213.518924739
-213.518932455
-213.518940191
-213.518946298
-213.518962706
-213.518960937
-213.518961337
-213.518965699
EDFT+SIC
-257.272591124
-257.500405412
-257.497748138
-257.314977758
-257.496891529
-257.508730723
-257.510972273
-257.511553037
-257.512020266
-257.511208187
-257.510631794
-257.510338189
-257.510207989
-257.510126112
-257.510084280
-257.509945076
-257.510141911
-257.510737404
-257.511330115
-257.511720904
-257.511924254
-257.512014051
-257.512046280
-257.512056414
-257.512089630
-257.512094568
-257.512084874
-257.512085321
-257.512084550
EDFT+SIC
-306.022400245
-306.279542697
-306.282101703
-306.074610327
-306.279380739
-306.294267455
-306.297145371
-306.297904440
-306.297984775
-306.296960922
-306.296094782
-306.295715869
-306.295632868
-306.295675531
-306.295956267
-306.296915443
-306.297863012
-306.298202695
-306.298160639
-306.298094378
-306.297927082
-306.297909985
-306.297826952
-306.297991884
-306.297977065
-306.298029598
-306.298048673
-306.298020680
-306.297972273
-306.297932746
-306.297915530
-306.297926446
-306.298002979
-306.298009455
-306.298014467
-306.298004022
-306.297996216
-306.297984524
-306.297977415
-306.297969298
-306.297959616
-306.297950801
-306.297942386
-306.297933146
-306.297921621
-306.297910621
-306.297900296
-306.297891703
-306.297879276
-306.297865178
-306.297851866
-306.297839123
-306.297827252
-306.297815624
-306.297804379
-306.297793307
-306.297782364
-306.297771517
-306.297760737
-306.297750020
-306.297739373
-306.297733255
-306.297741167
-306.297731868
-306.297725954
-306.297722951
-306.297715265
-306.297703521
-306.297687666
-306.297672036
-306.297656615
-306.297641175
-306.297625586
-306.297609839
-306.297593956
-306.297577951
-306.297565019
-306.297564198
-306.297543392
EDFT+SIC
-359.712589387
-360.010114119
-360.017043898
-359.771951470
-360.010264129
-360.030413417
-360.033521165
-360.033807602
-360.032577642
-360.030859881
-360.029964530
-360.029077683
-360.028942657
-360.029958539
-360.031387236
-360.032559637
-360.033285284
-360.033660370
-360.033833154
-360.033905895
-360.033929997
-360.033856232
-360.033785926
-360.033743647
-360.033722288
-360.033716055
-360.033740747
-360.033751557
-360.033752053
-360.033751238
EDFT+SIC
-418.479672898
-418.789721295
-418.793626686
-418.525496111
-418.780854644
-418.808217363
-418.812415232
-418.812488794
-418.811929610
-418.810050952
-418.807743636
-418.805234334
-418.803608500
-418.802927159
-418.802753079
-418.802693796
-418.802429383
-418.802579532
-418.802686653
-418.802386769
-418.801845080
-418.801597592
-418.801269414
-418.800741363
-418.800432433
-418.800294365
-418.800156725
-418.800138345
-418.800356584
-418.800561651
-418.800757725
-418.803511208
-418.811070309
-418.812610372
-418.812797607
-418.812894283
-418.812948132
-418.812806189
-418.812602672
-418.812535811
-418.812625639
-418.812679348
-418.812702667
-418.812790044
-418.812819026
-418.812853310
-418.812856784
-418.812783071
-418.812792902
-418.812798556
-418.812801179
-418.812788724
-418.812789687
-418.812791300
EDFT+SIC
-482.460222262
-482.795425312
-482.798857867
-482.426471029
-482.783410488
-482.821809589
-482.826123133
-482.825327278
-482.824674441
-482.809592631
-482.784188785
-482.767043418
-482.757216866
-482.750239304
-482.763329140
-482.777143079
-482.786915071
-482.796238924
-482.807798560
-482.817585054
-482.823017569
-482.825204270
-482.825897058
-482.825919632
-482.825270985
-482.825033464
-482.825629116
-482.826301021
-482.826634055
-482.826726302
-482.826679948
-482.826642485
-482.826600065
-482.826564097
-482.826552494
-482.826546263
-482.826556549
-482.826559257
-482.826562278
-482.826560944
-482.826561694
-482.826563595
EDFT+SIC
-551.841612511
-552.196775513
-552.198651278
-551.652028154
-552.178240953
-552.231731342
-552.235181310
-552.232901026
-552.231648919
-552.227058894
-552.222106669
-552.219110746
-552.217386369
-552.221302239
-552.226927318
-552.232428092
-552.234831520
-552.235593480
-552.235821574
-552.235875073
-552.235863007
-552.235844244
-552.235832944
-552.235824455
-552.235810137
-552.235790755
-552.235772229
-552.235759039
-552.235752068
-552.235749637
-552.235748779
-552.235748903
