           4
   0.0000000000000000        0.0000000000000000        0.0000000000000000     
          20           1
   5.1730465500000003E-002  -2.0136588859483950     
  0.10346093100000001        3.1713674931192863     
  0.20692186200000001       -4.5132020967738891     
  0.41384372400000002        3.7745676639361236     
  0.82768744800000005       -4.9061193426028753     
   1.6553748960000001        3.0313786461574308     
   3.3107497920000002       -3.2502317205402913     
   6.6214995840000004        1.6019555105145444     
   13.242999168000001       -2.5365250509452304     
   26.485998336000002        1.7118252957841862     
   52.971996672000003       -2.2411288841414052     
   105.94399334400001        1.3855432285838474     
   211.88798668800001       -1.5113856519801916     
   423.77597337600002        1.0259041098183437     
   847.55194675200005      -0.97216741434775200     
   1695.1038935040001       0.64025337732785648     
   3390.2077870080002      -0.49534589226425968     
   6780.4155740160004       0.21656769523540487     
   13560.831148032001       -7.0968983588450552E-002
   27121.662296064002       -3.8271697324835173E-002
  
   2.0358339999999999        0.0000000000000000        0.0000000000000000     
          12           1
   4.9919669900000005E-002  -1.3281356011837524     
   9.9839339800000010E-002   1.8539870191297871     
  0.19967867960000002       -2.2551580076914370     
  0.39935735920000004        2.1016236394802927     
  0.79871471840000008       -2.1050034910639401     
   1.5974294368000002        1.6531163385028318     
   3.1948588736000003       -1.4996051898084874     
   6.3897177472000006        1.1274046027653712     
   12.779435494400001      -0.85906469849204914     
   25.558870988800003       0.51200182899907631     
   51.117741977600005      -0.23682380869964548     
   102.23548395520001        4.0663027584345611E-002
  
  -1.0179180000000001        1.7630840000000001        0.0000000000000000     
          12           1
   4.9919669900000005E-002  -1.3281356011837524     
   9.9839339800000010E-002   1.8539870191297871     
  0.19967867960000002       -2.2551580076914370     
  0.39935735920000004        2.1016236394802927     
  0.79871471840000008       -2.1050034910639401     
   1.5974294368000002        1.6531163385028318     
   3.1948588736000003       -1.4996051898084874     
   6.3897177472000006        1.1274046027653712     
   12.779435494400001      -0.85906469849204914     
   25.558870988800003       0.51200182899907631     
   51.117741977600005      -0.23682380869964548     
   102.23548395520001        4.0663027584345611E-002
  
  -1.0179180000000001       -1.7630840000000001        0.0000000000000000     
          12           1
   4.9919669900000005E-002  -1.3281356011837524     
   9.9839339800000010E-002   1.8539870191297871     
  0.19967867960000002       -2.2551580076914370     
  0.39935735920000004        2.1016236394802927     
  0.79871471840000008       -2.1050034910639401     
   1.5974294368000002        1.6531163385028318     
   3.1948588736000003       -1.4996051898084874     
   6.3897177472000006        1.1274046027653712     
   12.779435494400001      -0.85906469849204914     
   25.558870988800003       0.51200182899907631     
   51.117741977600005      -0.23682380869964548     
   102.23548395520001        4.0663027584345611E-002
  
 TO USE THE STARTING POTENTIAL FEATURE, RENAME
 STRTS/STRTSP TO STPOTUP/STPOTDN AND RERUN
