          15          11
  0.746608835711D-02 -0.546251477500D-03  0.313985513863D-02
  0.179143230661D+00  0.255997601354D-01 -0.990517155067D-01
 -0.131966470256D+00 -0.188562423377D+00 -0.103627536177D+00
 -0.132568224353D+00  0.211022325341D+00 -0.354416076893D-02
  0.544062423029D-01 -0.478218855147D-01  0.192824314868D+00
 -0.301922753912D+00 -0.460088110223D+00 -0.240787521675D+00
  0.109050799380D+00 -0.788497367376D+00  0.498056583529D+00
  0.846519339094D+00 -0.806485461805D-01  0.333041620934D+00
  0.549559584444D+00 -0.521691611768D+00 -0.544782938593D+00
 -0.444620964721D+00  0.231153836814D+00 -0.949567943186D+00
  0.556243396019D+00  0.727710307455D+00 -0.240504929817D+00
  0.110430593844D+00  0.469197446706D+00  0.837969528631D+00
 -0.954664172391D+00 -0.924331664949D-01  0.347015569097D+00
 -0.307072962496D+00  0.523061001768D+00  0.528218503254D-02
  0.114428145758D+01  0.182760857768D+01 -0.828101541211D+01
 -0.137989265258D-02 -0.600730703266D-03 -0.337228532045D-03
  0.135401447561D+00  0.881357574338D-01 -0.169386227221D+00
 -0.115762628704D+00 -0.165283428276D+00 -0.106571328527D+00
 -0.142676446383D+00  0.154051036460D+00  0.980072991972D-01
  0.135641337093D+00 -0.712045539206D-01  0.179006609973D+00
 -0.351242449605D+00  0.588044061748D+00 -0.422850750450D+00
  0.406472707618D+00 -0.706620721605D+00 -0.413852650160D+00
 -0.807436822728D-01 -0.504280554716D-02  0.776376832461D+00
  0.770447007978D+00  0.495484005928D+00  0.162354040225D+00
 -0.676619167406D+00 -0.351353910089D+00 -0.140049693189D+00
 -0.279476906613D+01 -0.152691626409D+01 -0.875869716395D+01
