    15   11       15   11
         0.0072710233       -0.0004601340        0.0031928527    1   1
         0.1789741275        0.0257386074       -0.0994087533    1   2
        -0.1317731237       -0.1892823143       -0.1039815996    1   3
        -0.1332726948        0.2118799924       -0.0037901781    1   4
         0.0541901208       -0.0480437970        0.1935873879    1   5
        -0.3014802854       -0.4598305231       -0.2406142827    1   6
         0.1107501705       -0.7823546811        0.4923380032    1   7
         0.8462773074       -0.0806488563        0.3340538671    1   8
         0.5464513351       -0.5153650674       -0.5391974282    1   9
        -0.4403584938        0.2314999741       -0.9508482384    1  10
         0.5525390416        0.7213401868       -0.2405891234    1  11
         0.1115813838        0.4681383144        0.8347121443    1  12
        -0.9533986906       -0.0923796504        0.3421207367    1  13
        -0.3068902519        0.5232440821        0.0056751519    1  14
         1.1442809207        1.8276084272       -8.2810154232    1  15
  
  
        -0.0009657805       -0.0008395902       -0.0003195043    1   1
         0.1350644719        0.0892302742       -0.1694725704    1   2
        -0.1162067275       -0.1668804120       -0.1047541018    1   3
        -0.1433531610        0.1560740925        0.0970000175    1   4
         0.1350479253       -0.0730955364        0.1785402609    1   5
        -0.3315093153        0.5981340573       -0.4144578044    1   6
         0.4043668421       -0.7281573086       -0.3926606501    1   7
        -0.0556721705       -0.0250195702        0.7819424489    1   8
         0.7825370425        0.4888821168        0.1392631983    1   9
        -0.6763846004       -0.3504314433       -0.1407701684    1  10
        -2.7947690836       -1.5269159960       -8.7586973376    1  11
  
  
