  0.20025408274657372     
  0.20025408274657372     
  0.20025408274657372     
  0.46596883785661236     
  0.46596883785661236     
  0.46596883785661236     
  0.46596883785661236     
  0.46596883785661236     
  0.46596883785661236     
  0.46596883785661236     
  0.46596883785661236     
  0.46596883785661236     
  0.46596883785661236     
  0.46596883785661236     
  0.46596883785661236     
  0.46596883785661236     
  0.46596883785661236     
  0.46596883785661236     
   2.3895015488500748     
   2.3895015488500748     
   2.3895015488500748     
   2.3895015488500748     
   2.3895015488500748     
   2.3895015488500748     
   2.3895015488500748     
   2.3895015488500748     
   2.3895015488500748     
   2.3895015488500748     
   2.3895015488500748     
   2.3895015488500748     
   2.3895015488500748     
   2.3895015488500748     
   2.3895015488500748     
   2.3895015488500748     
   2.3895015488500748     
   2.3895015488500748     
   2.3895015488500748     
   2.3895015488500748     
   2.3895015488500748     
  0.46596883785661236     
  0.46596883785661236     
  0.46596883785661236     
   9.8532927816429305E-002
   9.8532927816429305E-002
   9.8532927816429305E-002
  0.20025408274657372     
  0.20025408274657372     
  0.20025408274657372     
  0.46596883785661236     
  0.46596883785661236     
  0.46596883785661236     
  0.46596883785661236     
  0.46596883785661236     
  0.46596883785661236     
  0.46596883785661236     
  0.46596883785661236     
  0.46596883785661236     
  0.46596883785661236     
  0.46596883785661236     
  0.46596883785661236     
   2.3895015488500748     
   2.3895015488500748     
   2.3895015488500748     
   2.3895015488500748     
   2.3895015488500748     
   2.3895015488500748     
   2.3895015488500748     
   2.3895015488500748     
   2.3895015488500748     
   2.3895015488500748     
   2.3895015488500748     
   2.3895015488500748     
  0.46596883785661236     
  0.46596883785661236     
  0.46596883785661236     
   9.8532927816429305E-002
   9.8532927816429305E-002
   9.8532927816429305E-002
