  -251.94110635261367       -22.015014455261372       -22.285776045265099       -22.290905824461774       -21.873463703374519        3.0884937666696013        1.3394188213311120       0.80328774877508113        1.3434976143315620        1.9412719578916156        1.2961461614828755        1.2791431879711732        1.9044832106000040        3.0128635099313734       -1.3084406220876652     
  -22.065258082338737       -29.718449489744270       -3.2546245470579049       -3.2437365858788620       -3.1803285313993728      -0.61390217744472253      -0.55912455659449378       -1.3832279958667311       -1.3580116365967025       -1.2205873249302204       -1.3407550471795249      -0.55780574435917984        2.4182265420965776      -0.63279102799286446       0.19181178038816751     
  -22.320310323661616       -3.2660371467524434       -29.892865110447783       -3.3449328499765119       -3.2369377869105174       -1.0297388995206103       -1.7034557572521065       0.22640154146716948       -1.7149611447330371       -1.5586535908013264       0.86817996882791115       0.89604845069156425       -1.5843655630064852      -0.19518147803785077       0.20300230604439307     
  -22.325582088914793       -3.2551687539195782       -3.3449926074941150       -29.908308287955020       -3.2432640171024349      -0.22100755708938555       0.91169126334925210       0.27201215910591359       0.88036428990152849       -1.5548459447625043       -1.7264158433114574       -1.7190538086529130       -1.5800357738832365       -1.0452464116479523       0.21226892863160338     
  -21.921387168660843       -3.1804976351384777       -3.2257658762695396       -3.2317408469203164       -29.717177953453461      -0.59871115160943811       -1.3627239440186489       -1.3745261226434393      -0.54465949128904445        2.4073272989278509      -0.53520663617718911       -1.3251130075192665       -1.2073288212975988      -0.64027713790634089       0.22813925404114338     
   3.1396094817742566      -0.64279182976274229       -1.0251036244752385      -0.24506083838385423      -0.62774385376865416       -1.7641598856104612      -0.71193157538356444       -1.9510479345151314E-002 -0.73754827750749463      -0.70376288355030125        8.5396931788235625E-002   8.5926044449310235E-002 -0.68025468347366258      -0.19773307198834808        5.0979070085989718E-003
   1.3232347839614960      -0.57363198462401999       -1.7194574146787496       0.91239940440793954       -1.3541089361963081      -0.71125614742201748       -2.1521437062352207      -0.70459670448112710      -0.68058015239715652       0.14726837898250306       0.16473315428436075      -0.52805958961343769      -0.64806960866893537        7.5769166931089926E-002  -1.1579792379227009E-002
  0.78167180684397386       -1.3889393800085819       0.21800495204400988       0.26462681309150010       -1.3802840008905124       -2.3000287384696668E-002 -0.70432507477472184       -1.6901057771056451      -0.68873665521737226       0.17896724877919609      -0.65515437157695544      -0.67243331130164552       0.19590578857267069       -4.1571413070396364E-002  -8.3688498941917166E-003
   1.3275592917187582       -1.3498928365024090       -1.7310499294633344       0.88027696272336808      -0.55913879288910451      -0.73713990581622280      -0.68087093844565438      -0.68866619360056147       -2.1529020823924765      -0.65514469799828401      -0.52800099364074016       0.16693672018115160       0.13218165381483102        7.1624291298772014E-002  -1.7841109205870367E-002
   1.9399648664937166       -1.2292086825605932       -1.5657299453491207       -1.5618161167185847        2.4347753038598756      -0.70145470891698725       0.14269262233661406       0.17504315234703868      -0.65407878524705498       -2.3288617972374275      -0.65948242347136266       0.14380600334719545      -0.36059724851762875      -0.69672767382510670       -2.5207539614236774E-002
   1.2795622020716386       -1.3321624550134707       0.86766421068033006       -1.7435327645710643      -0.54959334454062236        8.1116271668859097E-002  0.16473330442721035      -0.65519026444210493      -0.52810987394812814      -0.66097966189536839       -2.0946002665388006      -0.66562855822082023       0.14773618894379525      -0.73442447965478275       -1.2162126962829775E-002
   1.2618300884318654      -0.57235827476521062       0.89570980873261485       -1.7359824834466910       -1.3149901547935643        8.0263602841832329E-002 -0.52791846462394332      -0.67259058822696183       0.16654142657701079       0.14834716924604760      -0.66505955448484766       -2.1363545382443836      -0.65421798330646364      -0.71897778531137146       -7.4870402362789646E-003
   1.9019805173871756        2.4472333491557330       -1.5921422012858160       -1.5876895851642254       -1.2156548628117074      -0.67947139971660186      -0.64748981783851911       0.19176622489164857       0.12894143132685429      -0.36144669644690830       0.14443257559992856      -0.65370364344900200       -2.3195034522159297      -0.71780537582388759       -1.3888018781565542E-002
   3.0604721038607874      -0.66182909724128236      -0.21845405005641416       -1.0391777325269578      -0.66927502098988556      -0.19774332922320415        8.1180406874450856E-002  -3.7977943974732531E-002   7.6317436219582202E-002 -0.69894483114720951      -0.73452743319972436      -0.72021806240773567      -0.71892514836367716       -1.8412878419301717        6.1691292855633765E-003
  -1.3065201144248879       0.19108351713080110       0.20036443182154440       0.21008485553357228       0.22777709920830733        9.9882990255416044E-004  -1.5531288448344784E-002  -4.2648211331393323E-003  -2.1208922028868295E-002  -2.6989430740566978E-002  -1.4433053097988256E-002  -1.0874570743982313E-002  -1.0973680036387507E-002   2.2793386944774379E-003 -0.33310762526791410     
  -252.69956557998694       -21.012260744247676       -21.365671340967420       -21.420507789638410       -21.056120386906340        2.8029443432423959        2.8011332529057471        2.7940461918574893        2.5446718686567786        1.9815663408769799       -1.1837922109974968     
  -21.035167208589304       -29.702590052001383       -3.0166852486068638       -3.0250896660445807       -3.0280574307437091       -1.9262111285011752       -1.3548211617109338       0.84061643678714659       -1.6317181539981127       0.48734197132374579       0.15472533116268855     
  -21.390259486094443       -3.0205099173647527       -29.699463028628397       -3.0460776688163009       -3.0622813532382942       -1.0066277461411655       -2.1064005248926470      -0.53196998819400532        1.5071405739265566       -1.8332014577858569       0.10017347572714537     
  -21.445143640919461       -3.0272148337532805       -3.0487101752107444       -29.714713484292339       -2.9795532803688820       -1.6495348417543765        1.4671858198843166       -1.5006000283356886      -0.99914965096071440       -1.7847041671330919       0.11869265652546614     
  -21.077716797114508       -3.0304204385757783       -3.0595434393093419       -2.9785726600595570       -29.715723530035255        1.1451255940273735      -0.95360075686855117       -2.1756801131937600       -1.5618212956212794      -0.28153382452512915       0.18848553294203210     
   2.8123794971131950       -1.9247811981453260       -1.0183056293648314       -1.6420851993792243        1.1435006556687837       -3.0074498422558902      -0.19223257718730169      -0.11300974241617254      -0.77275986662958840      -0.83487901968023381       -8.0657360502330133E-002
   2.8055130061707851       -1.3499869037150900       -2.1072673657581111        1.4655890424438525      -0.94481772173416101      -0.19010462202525227       -3.0539324614349148      -0.16383843775671297      -0.64154864182734350      -0.69895602245143962       -2.1656768662453384E-002
   2.8047407569152449       0.83813572931453584      -0.54133119414072339       -1.4965880681134043       -2.1715301438145604      -0.10955121666653041      -0.16273448296834539       -3.0300009667682617      -0.77117411333636388      -0.83129802628678118       -4.6216491325164234E-002
   2.5514628545431961       -1.6232751653081894        1.5135983979279215       -1.0189885279338011       -1.5634307904998006      -0.77508327903854379      -0.64435183980478250      -0.77138067509295294       -2.5450209606049929       0.43124229369098460       -1.3825535529876988E-002
   1.9834923025155393       0.47739525301697350       -1.8232501147539699       -1.8096659977756122      -0.29919861298321498      -0.83757921880241859      -0.69809852217805479      -0.83004215291477457       0.43541977267669857       -2.4644571312475918       -6.5765711766883742E-002
  -1.1845678527507533       0.15281828860923052        9.6686954400137637E-002  0.11740820179346292       0.18751148982730187       -8.9713054346899995E-002  -2.4274685794043360E-002  -5.1718790604829971E-002  -1.2487292517904033E-002  -7.3982147660149891E-002 -0.30195188270041995     
