  -1264.7462288368361     
          15          11
   7.6454191000000001E-003  -5.7777649999999996E-004   3.0568780999999999E-003
  0.17929478820000000        2.6287277400000000E-002  -9.9943961299999995E-002
 -0.13033425209999999      -0.19035986069999999      -0.10394800220000000     
 -0.13278584580000000       0.21196094930000001       -3.3031350000000000E-003
   5.2585304700000002E-002  -4.7603265999999998E-002  0.19320217630000000     
 -0.30068316480000001      -0.45869172390000001      -0.24040902610000001     
  0.10779354789999999      -0.76443404169999996       0.47988400599999997     
  0.84675603590000004       -7.6582339599999993E-002  0.33460619809999997     
  0.53401075809999998      -0.50431320619999997      -0.52919753199999997     
 -0.44382423050000003       0.23203399550000001      -0.96898693329999996     
  0.54057897710000002       0.71036834640000002      -0.23884956399999999     
  0.11166224290000000       0.46122135790000002       0.82588848650000002     
 -0.94733481570000000       -9.3392592999999996E-002  0.33576324489999998     
 -0.30611870969999999       0.52289775670000005        6.2777277999999997E-003
   1.1442805114000001        1.8276080956000000       -8.2810152321999997     
  -7.7475739999999997E-004  -5.2367600000000005E-004  -8.3939040000000000E-004
  0.13443599389999999        9.2599498099999997E-002 -0.16633735490000001     
 -0.11627802869999999      -0.16690263910000000      -0.10139459989999999     
 -0.14141136550000000       0.15819190820000001        9.6822561500000001E-002
  0.13365981969999999       -7.8328170300000000E-002  0.17720969589999999     
 -0.25654850600000001       0.61665549590000002      -0.41784568430000002     
  0.43458174300000002      -0.65848329390000004      -0.41185116160000002     
 -0.16947349070000001       -5.1618809100000003E-002  0.76717448840000002     
  0.80244938889999995       0.46304836900000002       0.19734549350000000     
 -0.67489810549999996      -0.34991414370000001      -0.14350066189999999     
  -2.7947702301000001       -1.5269166869999999       -8.7586973473000000     
   8.2862036080000000E-003  -5.2831554799999999E-004  -7.7255422440000001E-003
   3.7254765470000001E-003   1.4221065040000000E-003  -5.7156770490000000E-003
   1.6815181400000000E-003  -2.7519522610000000E-003  -8.4207283700000004E-004
  -3.1077625869999998E-003   5.4903255829999997E-003  -9.1485099999999996E-006
  -3.2501558639999998E-003   1.5181006939999999E-003  -5.4984037520000003E-003
   4.0459711899999999E-004   1.7958305210000001E-003  -1.4365123489999999E-003
  -1.5161429499999999E-004   8.8733221000000004E-004  -1.5434419369999999E-003
   2.1242643800000000E-004   7.3114957900000002E-004  -8.8563512100000002E-004
  -8.4661346800000005E-004   7.2697310600000002E-004  -2.2136694999999999E-004
  -1.8780862699999999E-004   6.5679971299999998E-004  -2.3368000900000001E-003
  -1.3975140560000001E-003  -2.9852343600000002E-004  -1.4833730500000001E-003
   5.4610960100000001E-004  -2.5501821299999999E-004  -1.0941506220000000E-003
  -4.5437045099999999E-004   4.7205903500000001E-004  -2.1746636669999998E-003
  -4.0316153400000001E-004   2.0050489900000001E-003  -1.0649118999999999E-004
   2.4014360000000001E-006  -1.4768011000000000E-005   1.7472873999999999E-005
   1.3557716536000000E-002   7.3873807769999997E-003  -8.1394738879999994E-003
  -3.1111214640000000E-003   8.5473495499999996E-003   7.2156552980000002E-003
  -1.4848869870000001E-003   5.3005461329999996E-003  -2.6574888650000000E-003
   1.1119494059000000E-002   2.1810081900000000E-003  -1.9260684300000000E-003
   7.5863965639999999E-003  -8.4314443780000008E-003   4.5350873130000002E-003
   2.0166999420000000E-003   8.0933518100000004E-004  -2.2426761400000002E-003
   7.1638454900000001E-004   9.9743555520000002E-003  -5.8408557940000001E-003
  -2.1193049613000000E-002  -1.1388691899999999E-003  -1.6163270860000000E-003
  -9.1593117999999997E-004  -1.8218834400000000E-003   1.0365594113000001E-002
   1.8421050250000000E-003  -1.2070571820000000E-003  -5.3318429569999999E-003
  -8.2042239000000005E-005  -6.9538348999999999E-005   1.3170205999999999E-005
   
  -1265.7231891926729     
          15          11
   7.1405228999999997E-003  -5.4558510000000005E-004   3.5276119999999998E-003
  0.17806571060000001        2.5818108100000001E-002  -9.8058293599999999E-002
 -0.13088900430000000      -0.18945195989999999      -0.10367019270000000     
 -0.13176055910000001       0.21014962760000000       -3.3001167999999999E-003
   5.3657568599999997E-002  -4.8104104900000000E-002  0.19501616299999999     
 -0.30081664609999997      -0.45928418910000002      -0.23993510409999999     
  0.10910888940000001      -0.77213216060000001       0.49327425539999997     
  0.84491311400000002       -8.2925484100000002E-002  0.34228959380000001     
  0.54135561840000002      -0.51062011740000002      -0.52727704600000003     
 -0.44219488229999998       0.22633587899999999      -0.94871384420000004     
  0.55270321789999999       0.71295820950000000      -0.22598044689999999     
  0.10692442700000000       0.46343378800000001       0.83538087449999998     
 -0.94339288990000003       -9.7487977500000003E-002  0.35462970700000002     
 -0.30598570209999998       0.52223626790000000        6.3128604999999997E-003
   1.1442804760000000        1.8276083135000001       -8.2810154899999997     
  -1.6008582000000000E-003  -9.7380500000000000E-004  -3.4343479999999999E-004
  0.13546238869999999        8.9779629000000000E-002 -0.16871788269999999     
 -0.11578814740000000      -0.16865135030000000      -0.10051786370000000     
 -0.14507981470000000       0.15747236849999999        9.7457993699999995E-002
  0.13115698009999999       -7.5546539699999998E-002  0.17571351830000001     
 -0.27404454160000002       0.60963404619999995      -0.39838917480000002     
  0.42836669370000002      -0.74501658350000000      -0.36117836739999998     
   1.4388443000000001E-002  -4.1738461800000001E-002  0.78119705849999999     
  0.81039562040000002       0.47885425910000001       0.10741798370000000     
 -0.67550583720000001      -0.34951592160000000      -0.14174162550000000     
  -2.7947690197999999       -1.5269156612000001       -8.7586975416000001     
  -1.2074686550000000E-002  -9.8616056610000002E-003   3.1769636959000001E-002
  -1.4995283452000000E-002  -1.9684388579999999E-003   1.3897054791000001E-002
   3.0855489019999999E-003   4.4375459799999998E-004   2.8845379120000002E-003
   7.1560450250000001E-003  -8.8709148430000002E-003   3.2872535659999999E-003
   9.2622127199999996E-004  -2.8738988020000000E-003   1.6504950742000001E-002
   1.9175919130000000E-003   1.8943027810000000E-003   2.4078652129999999E-003
  -3.4442724099999997E-004   9.9992261800000001E-004   4.1688598899999998E-004
  -1.8890096300000001E-004  -2.9396000300000000E-004   1.0877284930000000E-003
  -6.3055906899999999E-004   3.8760899300000000E-004   1.4164004170000000E-003
  -6.6699174599999997E-004  -7.5959373500000002E-004   3.8435478300000002E-004
   1.3469606699999999E-004  -8.8355583899999996E-004   2.0658644730000000E-003
  -6.7490333200000000E-004  -5.3026205200000000E-004   2.7910107699999999E-004
   1.3188637370000001E-003  -7.5777822199999995E-004   2.1479824819999999E-003
   3.2713414180000002E-003  -4.4672292940000002E-003   1.8280088320000000E-003
  -2.1315070999999999E-005  -5.7499889999999999E-006  -3.9200319999999998E-006
  -1.5495460999000000E-002  -2.9189952499999999E-004  -1.4764107899999999E-003
   1.0341621310000001E-003   5.6463668800000005E-004   3.1533937270000001E-003
   1.3732910340000001E-003  -4.2001610659999997E-003   1.2323977585000000E-002
  -4.6371049140000002E-003   2.1066728039999998E-003   2.4769928190000001E-003
  -1.3108782473000000E-002  -5.8822882560000001E-003  -9.7687955650000002E-003
   6.9092436479999998E-003   1.0833416319999999E-003   1.6963901459999999E-003
   2.6821123740000002E-003  -1.1517894900000001E-003   2.8880529769999999E-003
   7.6817994889999998E-003  -1.0640059840000000E-003  -6.0749224399999995E-004
   3.2161397259999999E-003  -1.2818396690000000E-003  -3.0372906030000000E-003
   2.5017611019999999E-003   2.3526130289999998E-003  -2.4268296550000001E-003
   3.0364040000000000E-006   1.6962605999999999E-005  -1.0919435999999999E-005
   
  -1265.7238157099093     
          15          11
   7.5169345000000000E-003  -2.3652889999999999E-004   2.5340845000000000E-003
  0.18060467669999999        2.6150267800000002E-002 -0.10040856540000000     
 -0.13141441139999999      -0.18952389130000000      -0.10415844370000001     
 -0.13297059080000001       0.21164764400000000       -3.8576863000000000E-003
   5.3504405900000003E-002  -4.7618478399999997E-002  0.19222327910000001     
 -0.30114239679999999      -0.45960767689999998      -0.24034178140000001     
  0.11065001369999999      -0.77662053220000005       0.49146399829999998     
  0.84574891549999998       -8.1637620100000002E-002  0.33746611980000002     
  0.54419517630000003      -0.51237220120000004      -0.53358771999999999     
 -0.43921383190000002       0.22970303430000000      -0.95035369469999997     
  0.55214699079999996       0.71690875700000001      -0.23514774920000001     
  0.10991735830000000       0.46580711079999998       0.83417086529999995     
 -0.94926107820000005       -9.4123027900000003E-002  0.34511817280000001     
 -0.30654009469999999       0.52299156290000004        6.0029247000000004E-003
   1.1442806375000001        1.8276083579000000       -8.2810154612000009     
  -1.1184637999999999E-003  -9.6631539999999995E-004  -2.9535949999999998E-004
  0.13529074860000001        8.9673488999999995E-002 -0.16926150979999999     
 -0.11601928260000000      -0.16794535220000001      -0.10260502090000000     
 -0.14430676030000000       0.15711239150000000        9.7040184799999998E-002
  0.13337127700000001       -7.4538565700000003E-002  0.17736499089999999     
 -0.30492696130000002       0.60477607889999996      -0.40588425030000003     
  0.41638050910000002      -0.74019725280000004      -0.37387399139999999     
  -1.9199628900000001E-002  -3.6956229100000001E-002  0.78395827860000000     
  0.79607951420000000       0.48462990509999998       0.12063495439999999     
 -0.67593241760000000      -0.34991350539999999      -0.14132352230000000     
  -2.7947690384000001       -1.5269157861000000       -8.7586974595000004     
   1.2619910095999999E-002   1.0477846763999999E-002  -3.2573663001000001E-002
   1.5088073574999999E-002   3.1352283030000000E-003  -1.1321680632000000E-002
   8.9363641900000001E-004  -1.6965611260000000E-003  -2.1568151410000002E-003
  -1.3371982080000000E-003   2.5555768330000001E-003  -1.6527209520000000E-003
  -4.3678841720000000E-003   3.5697620170000001E-003  -1.4330447143000000E-002
   1.1445413740000000E-003   6.1631836599999998E-004   4.6478704099999998E-004
   1.0253187500000000E-004   8.7479309599999995E-004  -4.5316495800000001E-004
  -2.2427348999999999E-005  -4.1882660000000002E-005   2.3018108200000001E-004
  -2.8655400699999998E-004   5.2726586299999998E-004   6.0925298899999997E-004
   4.8659171499999999E-004  -3.5219255000000000E-005  -2.0887397500000000E-004
  -2.3207323100000001E-004  -6.0591617800000001E-004   2.3310965900000000E-004
  -4.8042732000000001E-005  -3.0009406200000001E-004  -2.9843488500000002E-004
   3.2233816600000002E-004  -3.7575635000000002E-005  -3.5946413300000000E-004
   6.2879260499999995E-004   4.8682538100000002E-004   1.0880152580000000E-003
  -2.6450557000000000E-005  -7.3328299999999999E-006  -1.9478089999999998E-006
   2.4203654099999999E-003  -3.1543479400000002E-003   7.2814856599999998E-004
   6.2802550000000000E-004   2.8197122810000000E-003   4.3897208299999998E-004
   3.9526560500000003E-004  -3.8666668050000002E-003   6.8653419440000002E-003
  -2.6769884130000000E-003   5.0564654470000000E-003  -8.7722577999999995E-004
  -3.6114066229999998E-003  -6.2536784609999998E-003  -2.3602081950000000E-003
   3.0238847810000000E-003   1.0272250230000000E-003   9.8073281599999999E-004
   1.5245124270000000E-003  -1.3805178920000001E-003   2.4072324120000001E-003
   3.1785934609999998E-003  -2.1678240210000000E-003   5.4648630399999998E-004
   1.5233263770000000E-003  -5.1947481400000002E-004  -2.0004612270000002E-003
   1.6474748950000000E-003   1.8555047309999999E-003  -2.4777484580000000E-003
  -1.3336980000000000E-006   1.4430947000000000E-005  -9.8571010000000003E-006
   
  -1265.7241771424854     
          15          11
   7.2710233000000003E-003  -4.6013400000000001E-004   3.1928527000000002E-003
  0.17897412750000000        2.5738607399999999E-002  -9.9408753300000000E-002
 -0.13177312369999999      -0.18928231430000000      -0.10398159960000000     
 -0.13327269480000001       0.21187999239999999       -3.7901781000000000E-003
   5.4190120799999998E-002  -4.8043796999999999E-002  0.19358738789999999     
 -0.30148028539999999      -0.45983052310000000      -0.24061428269999999     
  0.11075017049999999      -0.78235468109999995       0.49233800319999999     
  0.84627730739999996       -8.0648856300000002E-002  0.33405386710000001     
  0.54645133509999999      -0.51536506739999999      -0.53919742820000005     
 -0.44035849379999997       0.23149997410000001      -0.95084823839999999     
  0.55253904160000000       0.72134018680000001      -0.24058912339999999     
  0.11158138380000000       0.46813831439999998       0.83471214429999996     
 -0.95339869060000004       -9.2379650399999999E-002  0.34212073669999998     
 -0.30689025190000002       0.52324408209999995        5.6751518999999997E-003
   1.1442809207000000        1.8276084271999999       -8.2810154231999995     
  -9.6578050000000002E-004  -8.3959020000000004E-004  -3.1950430000000002E-004
  0.13506447190000001        8.9230274200000001E-002 -0.16947257039999999     
 -0.11620672750000000      -0.16688041200000001      -0.10475410180000000     
 -0.14335316100000001       0.15607409250000001        9.7000017499999994E-002
  0.13504792530000001       -7.3095536399999994E-002  0.17854026090000000     
 -0.33150931530000000       0.59813405730000002      -0.41445780440000002     
  0.40436684210000001      -0.72815730860000005      -0.39266065010000001     
  -5.5672170500000000E-002  -2.5019570200000001E-002  0.78194244889999998     
  0.78253704250000000       0.48888211679999999       0.13926319830000000     
 -0.67638460040000004      -0.35043144329999998      -0.14077016840000001     
  -2.7947690835999999       -1.5269159960000001       -8.7586973375999992     
  -5.3964446209999999E-003   2.9133378600000001E-004   5.0928358350000001E-003
  -2.4348594770000000E-003  -4.0474328999999999E-005  -6.8627294900000003E-004
  -9.5100155999999994E-005  -2.4107388060000002E-003  -1.2616208739999999E-003
  -3.8291633350000000E-003   4.4661158550000002E-003  -1.0566761430000000E-003
   2.7558775600000000E-004  -1.3781995210000000E-003   4.0764996670000003E-003
   9.5170277800000005E-004   4.8540612999999999E-004  -3.6661919999999997E-005
   2.7566740400000001E-004   4.4652164900000003E-004  -8.3656210900000000E-004
   1.9566332000000000E-005   1.0563724800000000E-004  -1.8608834900000001E-004
  -2.7029498100000001E-004   7.0273487199999998E-004   3.1915679000000001E-004
   5.8537602799999997E-004   2.4367953000000001E-004  -3.0037040700000000E-004
  -5.5301754400000004E-004  -5.6459346099999995E-004  -5.6940304500000005E-004
   3.4302649200000000E-004   3.9045521999999998E-005  -4.8133842399999998E-004
  -2.0625016100000001E-004   1.9314640300000001E-004  -1.1224740970000001E-003
  -1.8032647300000000E-004   1.5253738630000000E-003   7.7564186899999998E-004
  -3.2881342999999997E-005  -9.9867090000000001E-006   1.2665789999999999E-006
   1.1499437517000000E-002  -3.5197932019999999E-003   5.5029355000000002E-005
  -1.8436097040000000E-003   3.5358151990000000E-003  -7.7907833900000005E-004
  -2.1713166360000000E-003  -3.7602602280000000E-003   2.1117356340000001E-003
  -2.7874230499999998E-004   5.7573755189999996E-003  -4.1491894810000004E-003
   1.8824595920000000E-003  -4.3859718979999997E-003   1.1510913550000000E-003
   5.8664950899999999E-004   9.5062377200000000E-004   4.5811746300000001E-004
  -1.3116424539999999E-003  -1.9984350729999999E-003   1.4505994110000000E-003
   1.0748845500000000E-004  -2.0333741569999999E-003   6.7876258999999999E-004
   5.7376560500000003E-004  -6.1596963700000001E-004  -1.6258903510000000E-003
  -6.0943280000000002E-005   2.3949003700000000E-003  -1.6986299109999999E-003
  -5.3783330000000001E-006   1.1659815000000001E-005  -8.8411469999999993E-006
   
