     -7.05712    -0.13370    -0.12168    -0.12184    -0.13155     0.05144    -0.01083    -0.01639    -0.01060     0.00095    -0.01120    -0.01185    -0.00015     0.04822     0.00045
     -0.08346    -1.84660    -0.08268    -0.08261    -0.07836    -0.00984    -0.00280    -0.01022    -0.00869    -0.00852    -0.00819    -0.00294     0.03682    -0.00998     0.00016
     -0.08715    -0.07126    -1.86683    -0.07620    -0.07113    -0.01717    -0.01506     0.00509    -0.01524    -0.01051     0.01362     0.01389    -0.01100    -0.00427    -0.00162
     -0.08716    -0.07118    -0.07614    -1.86694    -0.07105    -0.00521     0.01458     0.00589     0.01406    -0.01040    -0.01590    -0.01547    -0.01110    -0.01661    -0.00115
     -0.08363    -0.07819    -0.08230    -0.08258    -1.84653    -0.00993    -0.00844    -0.01026    -0.00252     0.03571    -0.00284    -0.00749    -0.00837    -0.00983     0.00050
      0.00032     0.01905    -0.02180     0.01885     0.01910    -0.48628    -0.02837     0.01354    -0.02896    -0.03058     0.01126     0.01020    -0.03115     0.01140    -0.00475
      0.00535     0.01171     0.00094     0.01387    -0.01706    -0.02905    -0.54024    -0.02928    -0.01236     0.01188     0.01354    -0.01764    -0.02346     0.01596    -0.00429
      0.00523    -0.00450     0.01349     0.01328    -0.00450     0.01703    -0.02955    -0.47973    -0.02918     0.01300    -0.02871    -0.02918     0.01315     0.01651     0.00178
      0.00534    -0.01681     0.00085     0.01414     0.01196    -0.02937    -0.01206    -0.02925    -0.54039    -0.02292    -0.01814     0.01364     0.01213     0.01558    -0.00393
      0.00226     0.00010    -0.00343    -0.00343     0.00827    -0.03289     0.01646     0.01692    -0.02399    -0.53188    -0.02463     0.01635    -0.00231    -0.03258    -0.00260
      0.00539    -0.01678     0.01414     0.00122     0.01155     0.01554     0.01354    -0.02867    -0.01803    -0.02313    -0.53628    -0.01182     0.01241    -0.02947    -0.00311
      0.00546     0.01161     0.01423     0.00146    -0.01761     0.01587    -0.01778    -0.02903     0.01404     0.01181    -0.01238    -0.53915    -0.02339    -0.02941    -0.00378
      0.00235     0.00782    -0.00322    -0.00344    -0.00004    -0.03194    -0.02404     0.01729     0.01537    -0.00146     0.01571    -0.02390    -0.53231    -0.03296     0.00115
      0.00061     0.01906     0.01900    -0.02268     0.01917     0.01141     0.01055     0.01292     0.01089    -0.03037    -0.02937    -0.02818    -0.03184    -0.49401    -0.00436
     -0.00147     0.00089     0.00102     0.00104     0.00086    -0.00065    -0.00033    -0.00232    -0.00056    -0.00082    -0.00084    -0.00039    -0.00177    -0.00047    -0.10612
     -7.06725    -0.10961    -0.11204    -0.11206    -0.10872     0.01249     0.00766     0.01332     0.01050     0.00662    -0.00184
     -0.08670    -1.84764    -0.07816    -0.07865    -0.07883    -0.01470    -0.00600     0.01027    -0.00798     0.00553    -0.00085
     -0.08745    -0.07432    -1.85304    -0.07891    -0.07607    -0.01047    -0.01366    -0.00468     0.01898    -0.01542    -0.00244
     -0.08742    -0.07652    -0.07628    -1.85241    -0.07607    -0.00888     0.01436    -0.01002    -0.01111    -0.02187    -0.00068
     -0.08713    -0.07647    -0.07881    -0.07705    -1.84967     0.01213    -0.00026    -0.01717    -0.00912    -0.00344    -0.00000
      0.00305    -0.01616     0.00123    -0.01634     0.01375    -0.51974    -0.01223    -0.01189    -0.01883    -0.01965    -0.00944
      0.00328    -0.01085    -0.01278     0.01596    -0.00905    -0.01437    -0.51877    -0.01556    -0.01793    -0.01687    -0.00378
      0.00261     0.01274     0.00470    -0.01403    -0.02132    -0.01535    -0.01666    -0.51280    -0.01871    -0.01904    -0.00656
      0.00371    -0.01638     0.01248     0.00872    -0.00750    -0.01654    -0.01506    -0.01856    -0.58444     0.01060    -0.00003
      0.00470     0.01552    -0.02540     0.00310     0.01424    -0.01693    -0.01781    -0.02025     0.00641    -0.57907    -0.00885
     -0.00106     0.00106     0.00105     0.00059     0.00098    -0.00039    -0.00117    -0.00105    -0.00137    -0.00063    -0.10037
