           1
   0.0000000000000000        0.0000000000000000        0.0000000000000000     
          28           1
   3.0269943400000002E-002  -1.8578549633798274     
   6.0539886800000005E-002   2.3509209988890896     
  0.12107977360000001       -3.0354833238239625     
  0.24215954720000002        2.2819344960103485     
  0.48431909440000004       -3.7770286330865224     
  0.96863818880000008       0.22258285734322383     
   1.9372763776000002       -4.8233721089510109     
   3.8745527552000003       -2.7354539556653314     
   7.7491055104000006       -2.0903166554489174     
   15.498211020800001       -2.6976025326812558     
   30.996422041600002       -2.1241476541594588     
   61.992844083200005       -2.1289422177979542     
   123.98568816640001       -1.4110627126784947     
   247.97137633280002       -1.0642391033642080     
   495.94275266560004       -1.1189905204387363     
   991.88550533120008      -0.32259957047644833     
   1983.7710106624002      -0.79210536967738754     
   3967.5420213248003       -2.9199150989299136E-002
   7935.0840426496006      -0.46626643202122431     
   15870.168085299201        7.8376823940610782E-002
   31740.336170598403      -0.31700840769826982     
   63480.672341196805       0.14327872452737775     
   126961.34468239361      -0.28941578115520922     
   253922.68936478722       0.23775680954286330     
   507845.37872957444      -0.30727046762815147     
   1015690.7574591489       0.17698883041877445     
   2031381.5149182978       -5.1455440931428890E-002
   4062763.0298365955       -4.6279084282157407E-002
  
 TO USE THE STARTING POTENTIAL FEATURE, RENAME
 STRTS/STRTSP TO STPOTUP/STPOTDN AND RERUN
