  IT          TRACE                ETOT                 EKIN+ENONLOC          CHARGE              EDFT+SIC              LOWEST
   1       -739.198962668      -1261.202857509       1260.429928006         25.999999999      -1261.202857509          0.000000000
   2       -737.262535501      -1261.025471027       1252.274467925         25.999999999      -1261.025471027      -1261.202857509
  IT          TRACE                ETOT                 EKIN+ENONLOC          CHARGE              EDFT+SIC              LOWEST
   1       -739.198962668      -1261.202857509       1260.429928006         25.999999999      -1261.202857509          0.000000000
   2       -737.262535501      -1261.025471027       1252.274467925         25.999999999      -1261.025471027      -1261.202857509
   3       -740.015234279      -1261.171435473       1256.449055195         25.999999999      -1261.171435473      -1261.025471027
   4       -742.333156619      -1261.115077240       1265.321227424         25.999999999      -1261.115077240      -1261.171435473
   5       -739.313406609      -1261.148631544       1255.422151845         25.999999999      -1261.148631544      -1261.115077240
   6       -739.831105343      -1261.168138471       1256.147310843         25.999999999      -1261.168138471      -1261.148631544
   7       -740.920705744      -1261.164842759       1263.210449178         25.999999999      -1261.164842759      -1261.168138471
   8       -739.906729932      -1261.171819109       1256.261997891         25.999999999      -1261.171819109      -1261.164842759
   9       -740.603817543      -1261.199839664       1261.653165879         25.999999999      -1261.199839664      -1261.171819109
  10       -740.167343496      -1261.179851685       1256.630012903         25.999999999      -1261.179851685      -1261.199839664
  11       -740.547417318      -1261.185556906       1257.135458168         25.999999999      -1261.185556906      -1261.179851685
  12       -740.679312437      -1261.173235451       1262.822984279         25.999999999      -1261.173235451      -1261.185556906
  13       -740.298755957      -1261.180332761       1256.820713698         25.999999999      -1261.180332761      -1261.173235451
  14       -740.295063432      -1261.183490480       1256.820120134         25.999999999      -1261.183490480      -1261.180332761
  15       -740.603648407      -1261.193195309       1257.227724308         25.999999999      -1261.193195309      -1261.183490480
  16       -740.316926766      -1261.184280926       1256.847535007         25.999999999      -1261.184280926      -1261.193195309
  17       -740.652078586      -1261.194860131       1257.370852184         25.999999999      -1261.194860131      -1261.184280926
  18       -740.694951293      -1261.201626584       1261.769378049         25.999999999      -1261.201626584      -1261.194860131
  19       -740.251349238      -1261.183781839       1256.764370259         25.999999999      -1261.183781839      -1261.201626584
  20       -740.233807718      -1261.181184819       1256.740118422         25.999999999      -1261.181184819      -1261.183781839
  21       -740.515511958      -1261.189586935       1257.111838148         25.999999999      -1261.189586935      -1261.181184819
  22       -740.624084064      -1261.195075895       1257.300399592         25.999999999      -1261.195075895      -1261.189586935
  23       -740.730755702      -1261.175803136       1262.979317343         25.999999999      -1261.175803136      -1261.195075895
  24       -740.334940158      -1261.183249752       1256.880000993         25.999999999      -1261.183249752      -1261.175803136
  25       -740.680975668      -1261.186800389       1262.647371382         25.999999999      -1261.186800389      -1261.183249752
  26       -740.371050486      -1261.184283263       1256.931671840         25.999999999      -1261.184283263      -1261.186800389
  27       -740.630542871      -1261.221322446       1260.391995091         25.999999999      -1261.221322446      -1261.184283263
  28       -740.595334391      -1261.206356567       1258.020863144         25.999999999      -1261.206356567      -1261.221322446
  29       -740.810181050      -1261.178142135       1263.050331325         25.999999999      -1261.178142135      -1261.206356567
  30       -740.553461992      -1261.202264164       1257.784633453         25.999999999      -1261.202264164      -1261.178142135
  31       -740.667183590      -1261.195994368       1262.310687522         25.999999999      -1261.195994368      -1261.202264164
  32       -739.690600851      -1261.166784217       1256.015697559         25.999999999      -1261.166784217      -1261.195994368
  33       -740.252298769      -1261.186761093       1256.810848412         25.999999999      -1261.186761093      -1261.166784217
  34       -740.416769995      -1261.193194455       1257.282718296         25.999999999      -1261.193194455      -1261.186761093
  35       -740.889971831      -1261.175752837       1263.200890582         25.999999999      -1261.175752837      -1261.193194455
  36       -740.633634546      -1261.188739966       1262.625125165         25.999999999      -1261.188739966      -1261.175752837
  37       -740.490743361      -1261.222785382       1260.319608697         25.999999999      -1261.222785382      -1261.188739966
  38       -740.507694286      -1261.217516661       1261.009594626         25.999999999      -1261.217516661      -1261.222785382
  39       -740.520342999      -1261.215312609       1261.199615482         25.999999999      -1261.215312609      -1261.217516661
  40       -740.530777561      -1261.214934460       1261.237984651         25.999999999      -1261.214934460      -1261.215312609
  41       -740.477394614      -1261.218349462       1260.940471274         25.999999999      -1261.218349462      -1261.214934460
  42       -740.391360723      -1261.224330036       1259.965444367         25.999999999      -1261.224330036      -1261.218349462
  43       -740.381640964      -1261.222622510       1259.141953455         25.999999999      -1261.222622510      -1261.224330036
  44       -740.395532325      -1261.224408412       1259.912703785         25.999999999      -1261.224408412      -1261.222622510
  45       -740.395988298      -1261.224516055       1259.668717850         25.999999999      -1261.224516055      -1261.224408412
  46       -740.392974490      -1261.224513436       1259.647420953         25.999999999      -1261.224513436      -1261.224516055
  47       -740.430978147      -1261.220592401       1260.692954294         25.999999999      -1261.220592401      -1261.224513436
  48       -740.396362814      -1261.224552202       1259.811014001         25.999999999      -1261.224552202      -1261.220592401
  49       -740.394351609      -1261.224519071       1259.644689847         25.999999999      -1261.224519071      -1261.224552202
  50       -740.396903608      -1261.224572445       1259.772042568         25.999999999      -1261.224572445      -1261.224519071
  51       -740.396277798      -1261.224527492       1259.651536011         25.999999999      -1261.224527492      -1261.224572445
  52       -740.397268913      -1261.224553129       1259.682260743         25.999999999      -1261.224553129      -1261.224527492
  53       -740.399386925      -1261.224561362       1259.695923269         25.999999999      -1261.224561362      -1261.224553129
  54       -740.400902181      -1261.224571551       1259.719153477         25.999999999      -1261.224571551      -1261.224561362
  55       -740.400951730      -1261.224573079       1259.723017299         25.999999999      -1261.224573079      -1261.224571551
  56       -740.401127462      -1261.224577659       1259.739468014         25.999999999      -1261.224577659      -1261.224573079
  57       -740.401113386      -1261.224578618       1259.738529913         25.999999999      -1261.224578618      -1261.224577659
  58       -740.401132368      -1261.224577776       1259.737201375         25.999999999      -1261.224577776      -1261.224578618
  IT          TRACE                ETOT                 EKIN+ENONLOC          CHARGE              EDFT+SIC              LOWEST
   1          0.000000000      -1261.224577776       1259.737201375         25.999999999      -1265.382308578          0.000000000
   2       -774.634795318      -1260.223510150       1262.908795756         25.939036492      -1264.670051795      -1265.382308578
   3       -776.056206261      -1260.213870186       1264.818863660         25.961064330      -1264.705398350      -1264.670051795
   4       -776.193021214      -1260.206498467       1265.312124649         25.961765586      -1264.713390501      -1264.705398350
   5       -774.189639617      -1260.222946777       1263.316610265         25.961257446      -1264.720257096      -1264.713390501
   6       -773.978242932      -1260.226016593       1262.538533847         25.960451409      -1264.721179531      -1264.720257096
   7       -775.524327266      -1260.220903351       1263.884877157         25.960687563      -1264.731540114      -1264.721179531
   8       -776.074977650      -1260.213516321       1264.650978449         25.960812811      -1264.734536836      -1264.731540114
   9       -775.719801935      -1260.214513404       1264.471379664         25.960868435      -1264.736889074      -1264.734536836
  10       -775.664903041      -1260.214892234       1264.413265766         25.960859336      -1264.738706644      -1264.736889074
  11       -776.176090621      -1260.209924554       1264.894550408         25.960795420      -1264.739545165      -1264.738706644
  12       -775.959330191      -1260.210629141       1264.788725188         25.960748663      -1264.740929635      -1264.739545165
  13       -775.570316281      -1260.214052082       1264.430655004         25.960651033      -1264.742298102      -1264.740929635
  14       -775.618915251      -1260.214233305       1264.414256554         25.960635274      -1264.743107266      -1264.742298102
  15       -775.611622824      -1260.214226476       1264.400945677         25.960631471      -1264.743748530      -1264.743107266
  16       -775.736590259      -1260.213091389       1264.515900510         25.960632242      -1264.744265157      -1264.743748530
  17       -775.654373886      -1260.213452474       1264.460770900         25.960599078      -1264.744743946      -1264.744265157
  18       -775.644726860      -1260.213527010       1264.444634906         25.960569254      -1264.745115365      -1264.744743946
  19       -775.611225397      -1260.213740062       1264.411262552         25.960540264      -1264.745407080      -1264.745115365
  20       -775.615056415      -1260.213690880       1264.409529003         25.960524401      -1264.745636185      -1264.745407080
  21       -775.616114863      -1260.213611792       1264.410650115         25.960510768      -1264.745817215      -1264.745636185
  22       -775.594860884      -1260.213717193       1264.391549130         25.960488095      -1264.745961590      -1264.745817215
  23       -775.612914882      -1260.213554942       1264.406037209         25.960471595      -1264.746082895      -1264.745961590
  24       -775.627967118      -1260.213364347       1264.423495672         25.960454711      -1264.746184255      -1264.746082895
  25       -775.631705770      -1260.213255317       1264.431098812         25.960437527      -1264.746257583      -1264.746184255
  26       -775.632255298      -1260.213186232       1264.433910934         25.960423928      -1264.746302162      -1264.746257583
  27       -775.637161198      -1260.213101194       1264.439588195         25.960412165      -1264.746331862      -1264.746302162
  28       -775.640471336      -1260.213028577       1264.444285565         25.960401851      -1264.746349253      -1264.746331862
  29       -775.634759574      -1260.213039383       1264.440619354         25.960388392      -1264.746362467      -1264.746349253
  30       -775.641517682      -1260.212968696       1264.446931573         25.960378112      -1264.746368918      -1264.746362467
  31       -775.642674495      -1260.212921590       1264.449512724         25.960370128      -1264.746365663      -1264.746368918
  32       -775.648983174      -1260.212857375       1264.456167379         25.960361605      -1264.746370375      -1264.746365663
  33       -775.663891040      -1260.212752661       1264.471876047         25.960347064      -1264.746399467      -1264.746370375
  34       -775.657961132      -1260.212759041       1264.470828269         25.960330646      -1264.746403712      -1264.746399467
  35       -775.651371988      -1260.212798616       1264.466212647         25.960315245      -1264.746401419      -1264.746403712
  36       -775.663952152      -1260.212683579       1264.478820139         25.960306713      -1264.746389919      -1264.746401419
  37       -775.660348102      -1260.212668956       1264.478984320         25.960298577      -1264.746380575      -1264.746389919
  38       -775.641328396      -1260.212812476       1264.461905919         25.960288249      -1264.746376125      -1264.746380575
  39       -775.642798115      -1260.212823394       1264.460725065         25.960282605      -1264.746366350      -1264.746376125
  40       -775.645628382      -1260.212794046       1264.464176757         25.960277122      -1264.746354683      -1264.746366350
  41       -775.644395487      -1260.212785959       1264.463331457         25.960274735      -1264.746344142      -1264.746354683
  42       -775.644405789      -1260.212777805       1264.463287602         25.960272577      -1264.746334220      -1264.746344142
  43       -775.643934295      -1260.212774413       1264.462722161         25.960271020      -1264.746325130      -1264.746334220
  44       -775.644897285      -1260.212761147       1264.463492811         25.960269751      -1264.746316231      -1264.746325130
  45       -775.645743627      -1260.212746535       1264.464373604         25.960268784      -1264.746307628      -1264.746316231
  46       -775.646122843      -1260.212736347       1264.464824786         25.960267988      -1264.746299713      -1264.746307628
  47       -775.646656523      -1260.212727880       1264.465414446         25.960266697      -1264.746292751      -1264.746299713
  48       -775.648482486      -1260.212712601       1264.467434173         25.960263645      -1264.746286691      -1264.746292751
  49       -775.647260388      -1260.212712809       1264.466852436         25.960261489      -1264.746280706      -1264.746286691
  50       -775.644783608      -1260.212732492       1264.464706570         25.960257842      -1264.746275873      -1264.746280706
  51       -775.647443695      -1260.212710009       1264.466928780         25.960256983      -1264.746270155      -1264.746275873
  52       -775.647600810      -1260.212700935       1264.467551665         25.960256140      -1264.746265522      -1264.746270155
  53       -775.646090475      -1260.212709234       1264.466385678         25.960254492      -1264.746261744      -1264.746265522
  54       -775.645806293      -1260.212711384       1264.466030255         25.960253123      -1264.746258017      -1264.746261744
  55       -775.645586920      -1260.212711794       1264.465870592         25.960251932      -1264.746254478      -1264.746258017
  56       -775.645532103      -1260.212710055       1264.465805581         25.960251397      -1264.746251198      -1264.746254478
  57       -775.645972594      -1260.212704861       1264.466218879         25.960251001      -1264.746248099      -1264.746251198
  58       -775.646068466      -1260.212701531       1264.466415274         25.960250522      -1264.746245325      -1264.746248099
  59       -775.646075956      -1260.212699518       1264.466468650         25.960250124      -1264.746242871      -1264.746245325
  60       -775.645938515      -1260.212699195       1264.466352643         25.960249740      -1264.746240736      -1264.746242871
  61       -775.646033688      -1260.212697599       1264.466414268         25.960249463      -1264.746238773      -1264.746240736
  62       -775.646046190      -1260.212696454       1264.466436665         25.960249173      -1264.746237021      -1264.746238773
  63       -775.646004116      -1260.212695563       1264.466399271         25.960249121      -1264.746235439      -1264.746237021
  64       -775.646044294      -1260.212695148       1264.466416803         25.960248727      -1264.746234060      -1264.746235439
  65       -775.646071073      -1260.212694348       1264.466461908         25.960248284      -1264.746232776      -1264.746234060
  66       -775.646073826      -1260.212693420       1264.466493461         25.960248000      -1264.746231617      -1264.746232776
  67       -775.646080250      -1260.212692642       1264.466515147         25.960247793      -1264.746230591      -1264.746231617
  68       -775.646089835      -1260.212692027       1264.466534331         25.960247578      -1264.746229666      -1264.746230591
  69       -775.646082741      -1260.212691515       1264.466540997         25.960247391      -1264.746228837      -1264.746229666
  IT          TRACE                ETOT                 EKIN+ENONLOC          CHARGE              EDFT+SIC              LOWEST
   1          0.000000000      -1260.363178087       1264.887589220         25.999999999      -1264.924792136          0.000000000
   2       -775.478695772      -1261.153177570       1266.158365935         25.999999999      -1265.685843583      -1264.924792136
   3       -775.091649100      -1261.176402360       1264.928384806         25.999999999      -1265.708292817      -1265.685843583
   4       -775.074339504      -1261.181964546       1264.465230425         25.999999999      -1265.715523142      -1265.708292817
   5       -776.041729671      -1261.178894580       1265.154043532         25.999999999      -1265.720127733      -1265.715523142
   6       -776.349410249      -1261.174797182       1265.495998909         25.999999999      -1265.720364474      -1265.720127733
   7       -775.355740356      -1261.182329082       1264.681926132         25.999999999      -1265.721640151      -1265.720364474
   8       -775.361958244      -1261.183954752       1264.505327621         25.999999999      -1265.721747726      -1265.721640151
   9       -775.944128253      -1261.180582409       1264.935881192         25.999999999      -1265.722383376      -1265.721747726
  10       -775.847525914      -1261.180448701       1264.923698837         25.999999999      -1265.722518671      -1265.722383376
  11       -775.916471928      -1261.179879700       1264.978879444         25.999999999      -1265.722591323      -1265.722518671
  12       -775.811190036      -1261.180572147       1264.893424554         25.999999999      -1265.722686949      -1265.722591323
  13       -775.832355784      -1261.180603266       1264.890983324         25.999999999      -1265.722774692      -1265.722686949
  14       -775.881044697      -1261.180270328       1264.925603783         25.999999999      -1265.722844818      -1265.722774692
  15       -775.894056478      -1261.180101809       1264.939224507         25.999999999      -1265.722894205      -1265.722844818
  16       -775.893167840      -1261.180070086       1264.939483748         25.999999999      -1265.722937913      -1265.722894205
  17       -775.955599182      -1261.179584851       1264.990441988         25.999999999      -1265.722970943      -1265.722937913
  18       -775.935083428      -1261.179629056       1264.982048408         25.999999999      -1265.723012068      -1265.722970943
  19       -775.921948511      -1261.179743827       1264.968368475         25.999999999      -1265.723047337      -1265.723012068
  20       -775.922946450      -1261.179765598       1264.965640624         25.999999999      -1265.723073252      -1265.723047337
  21       -775.923419363      -1261.179768564       1264.964646410         25.999999999      -1265.723093903      -1265.723073252
  22       -775.922295228      -1261.179779399       1264.962691636         25.999999999      -1265.723111598      -1265.723093903
  23       -775.912414795      -1261.179857699       1264.953699899         25.999999999      -1265.723127704      -1265.723111598
  24       -775.911798490      -1261.179880898       1264.951048188         25.999999999      -1265.723139898      -1265.723127704
  25       -775.911297975      -1261.179889639       1264.949811007         25.999999999      -1265.723150103      -1265.723139898
  26       -775.909753419      -1261.179902566       1264.947927811         25.999999999      -1265.723158828      -1265.723150103
  27       -775.905594295      -1261.179934985       1264.943993665         25.999999999      -1265.723166414      -1265.723158828
  28       -775.905022555      -1261.179945293       1264.942684409         25.999999999      -1265.723172936      -1265.723166414
  29       -775.905153830      -1261.179945735       1264.942422892         25.999999999      -1265.723178956      -1265.723172936
  30       -775.907731438      -1261.179927944       1264.944261056         25.999999999      -1265.723184552      -1265.723178956
  31       -775.914969975      -1261.179870260       1264.950513308         25.999999999      -1265.723188354      -1265.723184552
  32       -775.918029282      -1261.179833116       1264.954352892         25.999999999      -1265.723190867      -1265.723188354
  33       -775.921706506      -1261.179797633       1264.958210392         25.999999999      -1265.723191630      -1265.723190867
  34       -775.923598333      -1261.179777337       1264.960456496         25.999999999      -1265.723189193      -1265.723191630
  IT          TRACE                ETOT                 EKIN+ENONLOC          CHARGE              EDFT+SIC              LOWEST
   1          0.000000000      -1261.179777337       1264.960456474         25.999999999      -1265.723801013          0.000000000
   2       -775.917359385      -1261.179830535       1264.944248177         25.999999999      -1265.723813506      -1265.723801013
   3       -775.918565650      -1261.179822538       1264.944327492         25.999999999      -1265.723815641      -1265.723813506
   4       -775.924082554      -1261.179780203       1264.949234118         25.999999999      -1265.723815835      -1265.723815641
   5       -775.922095202      -1261.179783359       1264.948390085         25.999999999      -1265.723815710      -1265.723815835
  IT          TRACE                ETOT                 EKIN+ENONLOC          CHARGE              EDFT+SIC              LOWEST
   1          0.000000000      -1261.179783359       1264.948390073         25.999999999      -1265.724104877          0.000000000
   2       -775.921424685      -1261.179804316       1264.943075688         25.999999999      -1265.724131709      -1265.724104877
   3       -775.922188304      -1261.179798154       1264.943167153         25.999999999      -1265.724146260      -1265.724131709
   4       -775.922554045      -1261.179791415       1264.943587925         25.999999999      -1265.724155965      -1265.724146260
   5       -775.917180892      -1261.179826698       1264.939047823         25.999999999      -1265.724162487      -1265.724155965
   6       -775.922739428      -1261.179792194       1264.943205690         25.999999999      -1265.724167254      -1265.724162487
   7       -775.924685250      -1261.179767617       1264.945713162         25.999999999      -1265.724170581      -1265.724167254
   8       -775.925772353      -1261.179753121       1264.947051449         25.999999999      -1265.724172989      -1265.724170581
   9       -775.925705977      -1261.179748097       1264.947360415         25.999999999      -1265.724174513      -1265.724172989
  10       -775.925638463      -1261.179746494       1264.947369621         25.999999999      -1265.724175756      -1265.724174513
  11       -775.925655380      -1261.179745025       1264.947409574         25.999999999      -1265.724176594      -1265.724175756
  12       -775.925802180      -1261.179743569       1264.947476237         25.999999999      -1265.724177142      -1265.724176594
