   1          TOTAL NUMBER OF ATOM TYPES
  26  26      ELECTRONIC AND NUCLEAR CHARGE
ALL           ALL-ELECTRON ATOM TYPE
   1          NUMBER OF ATOMS OF TYPE IRO
ALL-IRO001
EXTRABASIS    CONTROLS USAGE OF SUPPLEMENTARY BASIS FUNCTIONS
  20          NUMBER OF BARE GAUSSIANS
   7   5   4  NUMBER OF S,P,D FUNCTIONS
   0   0   1  SUPPLEMENTARY S,P,D FUNCTIONS
       0.3866748510D+07       0.5625908130D+06       0.1264034380D+06
       0.3557064610D+05       0.1156266150D+05       0.4165626110D+04
       0.1622887130D+04       0.6726111320D+03       0.2931464730D+03
       0.1330127180D+03       0.6235847340D+02       0.2978061390D+02
       0.1448901560D+02       0.7138020790D+01       0.3463239930D+01
       0.1623349780D+01       0.7360419700D+00       0.3111933300D+00
       0.1204976700D+00       0.4517902000D-01

       0.6274111520D+00       0.1184420730D+01       0.2055270520D+01
       0.3365933730D+01       0.5256254630D+01       0.7820089720D+01
       0.1089699530D+02       0.1362176020D+02       0.1402632860D+02
       0.1006378230D+02       0.3693842470D+01       0.3878271930D+00
       0.3610414650D-02      -0.8619671550D-03       0.4568646590D-03
      -0.1642829690D-03       0.4802543110D-04      -0.1130245650D-04
       0.2135123200D-05      -0.2728065210D-06

      -0.1891698540D+00      -0.3571248390D+00      -0.6200594810D+00
      -0.1016855980D+01      -0.1595182580D+01      -0.2400053210D+01
      -0.3439477700D+01      -0.4579386970D+01      -0.5394221720D+01
      -0.5025820900D+01      -0.2645218340D+01       0.9220413340D+00
       0.2716137170D+01       0.1443055190D+01       0.1718150910D+00
      -0.7159117310D-03       0.3837553140D-03      -0.7038043130D-04
       0.1182588340D-04      -0.1446943330D-05

       0.7205747840D-01       0.1360478450D+00       0.2361956060D+00
       0.3874801620D+00       0.6080324240D+00       0.9162965170D+00
       0.1316981580D+01       0.1767347750D+01       0.2114916500D+01
       0.2039449800D+01       0.1145248990D+01      -0.4628456010D+00
      -0.1739001490D+01      -0.1341312820D+01       0.2309793470D+00
       0.7013511770D+00       0.2437540560D+00       0.1121598440D-01
      -0.2920970250D-04      -0.7663986370D-05

      -0.1847844440D-01      -0.3488855360D-01      -0.6057029950D-01
      -0.9936990280D-01      -0.1559367150D+00      -0.2350395030D+00
      -0.3379397930D+00      -0.4539367250D+00      -0.5442451120D+00
      -0.5270506940D+00      -0.2983133910D+00       0.1222495960D+00
       0.4762803890D+00       0.3877913290D+00      -0.7599264400D-01
      -0.2800361180D+00      -0.1631457460D+00       0.1940118040D-01
       0.9825710450D-01       0.3092002780D-01

       0.0000000000D+00       0.0000000000D+00       0.0000000000D+00
       0.0000000000D+00       0.0000000000D+00       0.0000000000D+00
       0.0000000000D+00       0.0000000000D+00       0.0000000000D+00
       0.0000000000D+00       0.0000000000D+00       0.0000000000D+00
       0.0000000000D+00       0.0000000000D+00       0.0000000000D+00
       0.0000000000D+00       0.0000000000D+00       0.1000000000D+01
       0.0000000000D+00       0.0000000000D+00

       0.0000000000D+00       0.0000000000D+00       0.0000000000D+00
       0.0000000000D+00       0.0000000000D+00       0.0000000000D+00
       0.0000000000D+00       0.0000000000D+00       0.0000000000D+00
       0.0000000000D+00       0.0000000000D+00       0.0000000000D+00
       0.0000000000D+00       0.0000000000D+00       0.0000000000D+00
       0.0000000000D+00       0.0000000000D+00       0.0000000000D+00
       0.1000000000D+01       0.0000000000D+00

       0.0000000000D+00       0.0000000000D+00       0.0000000000D+00
       0.0000000000D+00       0.0000000000D+00       0.0000000000D+00
       0.0000000000D+00       0.0000000000D+00       0.0000000000D+00
       0.0000000000D+00       0.0000000000D+00       0.0000000000D+00
       0.0000000000D+00       0.0000000000D+00       0.0000000000D+00
       0.0000000000D+00       0.0000000000D+00       0.0000000000D+00
       0.0000000000D+00       0.1000000000D+01

       0.6276665270D+00       0.1194797980D+01       0.2076892630D+01
       0.3406418410D+01       0.5361887690D+01       0.8124068190D+01
       0.1185701170D+02       0.1642890220D+02       0.2129503330D+02
       0.2459109600D+02       0.2408158000D+02       0.1779168830D+02
       0.8526848960D+01       0.2067682220D+01       0.1511848920D+00
       0.1644207130D-03       0.1100552180D-03      -0.1366557460D-04
       0.1519752610D-05      -0.1283153940D-06

      -0.2405681320D+00      -0.4363426920D+00      -0.7856940080D+00
      -0.1256701660D+01      -0.2015735670D+01      -0.3014832510D+01
      -0.4455737300D+01      -0.6151518490D+01      -0.8106441200D+01
      -0.9496625840D+01      -0.9692138540D+01      -0.7543909820D+01
      -0.3762975550D+01      -0.1832166500D+00       0.1210839580D+01
       0.7285004160D+00       0.1677273710D+00       0.9573783170D-02
      -0.7881434610D-04       0.7229950470D-05

       0.0000000000D+00       0.0000000000D+00       0.0000000000D+00
       0.0000000000D+00       0.0000000000D+00       0.0000000000D+00
       0.0000000000D+00       0.0000000000D+00       0.0000000000D+00
       0.0000000000D+00       0.0000000000D+00       0.0000000000D+00
       0.0000000000D+00       0.0000000000D+00       0.0000000000D+00
       0.0000000000D+00       0.0000000000D+00       0.1000000000D+01
       0.0000000000D+00       0.0000000000D+00

       0.0000000000D+00       0.0000000000D+00       0.0000000000D+00
       0.0000000000D+00       0.0000000000D+00       0.0000000000D+00
       0.0000000000D+00       0.0000000000D+00       0.0000000000D+00
       0.0000000000D+00       0.0000000000D+00       0.0000000000D+00
       0.0000000000D+00       0.0000000000D+00       0.0000000000D+00
       0.0000000000D+00       0.0000000000D+00       0.0000000000D+00
       0.1000000000D+01       0.0000000000D+00

       0.0000000000D+00       0.0000000000D+00       0.0000000000D+00
       0.0000000000D+00       0.0000000000D+00       0.0000000000D+00
       0.0000000000D+00       0.0000000000D+00       0.0000000000D+00
       0.0000000000D+00       0.0000000000D+00       0.0000000000D+00
       0.0000000000D+00       0.0000000000D+00       0.0000000000D+00
       0.0000000000D+00       0.0000000000D+00       0.0000000000D+00
       0.0000000000D+00       0.1000000000D+01

      -0.2605513910D+01       0.2141628320D+01      -0.8771971660D+00
       0.1550771430D+01       0.4286918370D+00       0.2048092180D+01
       0.2021811310D+01       0.3562932490D+01       0.4289084230D+01
       0.5718621650D+01       0.6293737610D+01       0.6348103620D+01
       0.5091475290D+01       0.3424761550D+01       0.1658411600D+01
       0.5361340730D+00       0.1254439580D+00       0.1991628350D-01
       0.1451971330D-02       0.1748682740D-04

       0.0000000000D+00       0.0000000000D+00       0.0000000000D+00
       0.0000000000D+00       0.0000000000D+00       0.0000000000D+00
       0.0000000000D+00       0.0000000000D+00       0.0000000000D+00
       0.0000000000D+00       0.0000000000D+00       0.0000000000D+00
       0.0000000000D+00       0.0000000000D+00       0.0000000000D+00
       0.0000000000D+00       0.1000000000D+01       0.0000000000D+00
       0.0000000000D+00       0.0000000000D+00

       0.0000000000D+00       0.0000000000D+00       0.0000000000D+00
       0.0000000000D+00       0.0000000000D+00       0.0000000000D+00
       0.0000000000D+00       0.0000000000D+00       0.0000000000D+00
       0.0000000000D+00       0.0000000000D+00       0.0000000000D+00
       0.0000000000D+00       0.0000000000D+00       0.0000000000D+00
       0.0000000000D+00       0.0000000000D+00       0.1000000000D+01
       0.0000000000D+00       0.0000000000D+00

       0.0000000000D+00       0.0000000000D+00       0.0000000000D+00
       0.0000000000D+00       0.0000000000D+00       0.0000000000D+00
       0.0000000000D+00       0.0000000000D+00       0.0000000000D+00
       0.0000000000D+00       0.0000000000D+00       0.0000000000D+00
       0.0000000000D+00       0.0000000000D+00       0.0000000000D+00
       0.0000000000D+00       0.0000000000D+00       0.0000000000D+00
       0.1000000000D+01       0.0000000000D+00

       0.0000000000D+00       0.0000000000D+00       0.0000000000D+00
       0.0000000000D+00       0.0000000000D+00       0.0000000000D+00
       0.0000000000D+00       0.0000000000D+00       0.0000000000D+00
       0.0000000000D+00       0.0000000000D+00       0.0000000000D+00
       0.0000000000D+00       0.0000000000D+00       0.0000000000D+00
       0.0000000000D+00       0.0000000000D+00       0.0000000000D+00
       0.0000000000D+00       0.1000000000D+01

ELECTRONS
WFOUT
