          15          11
  0.752855173049D-02 -0.547697821768D-03  0.324909848200D-02
  0.179358827639D+00  0.261231519334D-01 -0.993718871264D-01
 -0.131038171725D+00 -0.190733369561D+00 -0.104424538742D+00
 -0.133195707194D+00  0.212776367470D+00 -0.336654276027D-02
  0.533212846189D-01 -0.478639355821D-01  0.194107258940D+00
 -0.301269681594D+00 -0.459145977221D+00 -0.240621320856D+00
  0.108008183725D+00 -0.770290516345D+00  0.484060491092D+00
  0.846435539383D+00 -0.775561569105D-01  0.335470628879D+00
  0.536495805083D+00 -0.507806919464D+00 -0.529488106175D+00
 -0.448269387354D+00  0.233820624589D+00 -0.968101608923D+00
  0.543059165153D+00  0.711899590985D+00 -0.234008758629D+00
  0.109040286333D+00  0.466186275528D+00  0.828343673284D+00
 -0.946614701907D+00 -0.935107378751D-01  0.341579496709D+00
 -0.306696908557D+00  0.523240820043D+00  0.614658476440D-02
  0.114428108885D+01  0.182760814311D+01 -0.828101528147D+01
 -0.988254663358D-03 -0.874926312707D-03 -0.680452800724D-03
  0.118447125194D+00  0.932386560228D-01 -0.164864552356D+00
 -0.121688427941D+00 -0.167658751841D+00 -0.965051304955D-01
 -0.143096018374D+00  0.165888583502D+00  0.963819222242D-01
  0.131008953269D+00 -0.753749863959D-01  0.174728500607D+00
 -0.332277561434D+00  0.598481972583D+00 -0.594675393978D+00
  0.504754127621D+00 -0.623759953257D+00 -0.502186309526D+00
 -0.445731654643D-01 -0.333196314737D-01  0.801448433282D+00
  0.686193652683D+00  0.521387108175D+00  0.617817648353D-01
 -0.676268097483D+00 -0.350035724622D+00 -0.138514735827D+00
 -0.279477038966D+01 -0.152691507152D+01 -0.875869690220D+01
