    15   11       15   11
         0.0066074789       -0.0002601657        0.0044381648    1   1
         0.1802861747        0.0247730888       -0.0951131729    1   2
        -0.1366279368       -0.1931034890       -0.1081088920    1   3
        -0.1362941669        0.2187205968       -0.0040391158    1   4
         0.0591939505       -0.0497454513        0.1999930636    1   5
        -0.3061516039       -0.4627005966       -0.2423465449    1   6
         0.1109319438       -0.8201556139        0.5198170737    1   7
         0.8438183901       -0.0857328389        0.3417143794    1   8
         0.5581750116       -0.5371669926       -0.5337380042    1   9
        -0.4834001399        0.2495589251       -0.9620581787    1  10
         0.5636241096        0.7249951430       -0.1960988500    1  11
         0.0888433901        0.5072137866        0.8495393432    1  12
        -0.9418925293       -0.0937588954        0.3879118114    1  13
        -0.3114917262        0.5257952816        0.0049501548    1  14
         1.1442861494        1.8276085622       -8.2810157136    1  15
  
  
         0.0003103846       -0.0042366935       -0.0002667000    1   1
        -0.0008961490        0.0992863064       -0.1631870663    1   2
        -0.1616436598       -0.1785514229       -0.0563074832    1   3
        -0.1544236949        0.2253931145        0.0925192510    1   4
         0.1098359477       -0.0511859304        0.1471894541    1   5
        -0.9938393182        0.2949904512       -2.1177863169    1   6
         1.1757721920       -0.2418079373       -1.2394004663    1   7
         1.0159548709        0.1260722986        1.0594052806    1   8
        -0.3985167508        1.1276005684       -0.9694226330    1   9
        -0.6884065166       -0.3510030796       -0.0916778460    1  10
        -2.7947707213       -1.5269035257       -8.7586896433    1  11
  
  
