  -252.53118259461658       -22.330496757121832       -22.050110233354683       -21.558692739266839       -20.200737842895585        3.4620896962161578        1.3204631403044549       0.89400108599436412        1.3368680604695682        2.0871808726685046        1.3226230697426979        1.3023841751657887        1.8659550736119828        3.1644553427788695       -1.2284801391939126     
  -22.388957883851486       -29.857798961680036       -3.2427720096774593       -3.1917172245072982       -3.0325167571046965      -0.37166404512719553      -0.61646714908867961       -1.1965036574112289       -1.4468344096412464       -1.1805745016006057       -1.4333678910467158      -0.59716341792371974        2.3268398342511096      -0.41559069215745387       0.25091534288206396     
  -22.080843783110566       -3.2575299907080466       -30.007780566769767       -3.2631374289236863       -3.0563238561967188      -0.80133522480148511       -1.5769126403108018       0.22040857227020710       -1.6851947538533856       -1.4350605985089484       0.89711085275427327       0.88596824209338343       -1.5107816897209350      -0.27730945591692080       0.25033654075592465     
  -21.582741640703084       -3.2053785851771806       -3.2623563895257788       -29.906137044613555       -3.0162493029008908      -0.21904114703996999       0.85189017852262139       0.23531610468281652       0.86701726125080769       -1.4978895692491141       -1.6994810884162672       -1.5506779719954569       -1.5255995949212027      -0.76119255487086002       0.28271007163267842     
  -20.224291694197422       -3.0345824305309157       -3.0426634155299035       -3.0034360630654384       -29.495925881000129      -0.64745328187149298       -1.1706630703480772       -1.3777850122448583      -0.54325812290460107        2.3473768421347687      -0.58533463740247527       -1.1183997404728443       -1.1875919701073154      -0.67750958713203380       0.21917372533084417     
   3.5182038068968722      -0.39644981722678996      -0.78341785543032583      -0.24427953454647794      -0.67946016762512806       -1.7932292266841203      -0.68286575694091978       -1.7297360486545756E-002 -0.68981493491992507      -0.67141386197191799        9.9179009122894124E-002   8.0883511701773131E-002 -0.73017894789565840      -0.19158004952531960        1.8337091934983327E-002
   1.3044985908086728      -0.63465316271373173       -1.5916865910336648       0.85213938762917407       -1.1557645106944812      -0.68104010126404302       -2.0237563620077950      -0.69945353978151426      -0.66043800214501791       0.13310863370926196       0.13872646323664162      -0.49443484473189225      -0.62352089463517735        6.4673828759519394E-002   4.7820830200290508E-003
  0.87333322683515591       -1.1986840479707439       0.21242328225465701       0.22770616496731338       -1.3826170053429481       -2.1910726750645336E-002 -0.70070999117744137       -1.6682719312413248      -0.66278909631829563       0.19865170212153083      -0.66921113386269315      -0.67408669813665623       0.11329976101329867       -2.0790178275689068E-002   1.1747473928414719E-003
   1.3208553449718741       -1.4411979219781785       -1.7010246441772727       0.86834989562929299      -0.55864155329813248      -0.68976424268096548      -0.66078023081222603      -0.66398106759216113       -2.1491626467855824      -0.65726341488983031      -0.55083641931640481       0.17248675158408433       0.15457994820910165        7.7486669709428857E-002   1.0026214904578295E-003
   2.0870241642782830       -1.1911329904029238       -1.4405859034788038       -1.5046020069676156        2.3798661361676232      -0.67112428281243086       0.12957621732037872       0.19052542796393032      -0.65528599441766433       -2.2255891907946581      -0.65875048771697320       0.11368979245257801      -0.35638483687263944      -0.68626160090935151       -1.4233848643992568E-003
   1.3063475601937065       -1.4274482909156501       0.89913450022577723       -1.7159994885038157      -0.60074376990954992        9.1081292071828177E-002  0.14227230531186419      -0.67173345490643022      -0.55074662710088729      -0.65925251116843253       -2.1460957525770086      -0.67159590342323217       0.14468373499970905      -0.67699751372741623        5.8978122201861711E-003
   1.2860562556166459      -0.61562794423286737       0.88686951155427640       -1.5639904368046353       -1.1026199002512418        7.5288916818702284E-002 -0.49382720012928688      -0.67123061687446595       0.16867560644174154       0.11849701862930093      -0.67030055127080412       -1.9906507783339515      -0.62109509999594570      -0.66527439334809269        8.4960584663632543E-003
   1.8635689677424181        2.3572352411896538       -1.5197198917664061       -1.5347312545743477       -1.1970642534014797      -0.72936517932281264      -0.62500532130770170       0.11328970610659467       0.14788464480099806      -0.35702731304270080       0.13874855323550461      -0.62203520197872875       -2.2399845789457640      -0.71653969382729921       -6.8829201880486347E-003
   3.2139053716726704      -0.44100254629449415      -0.30418224515490910      -0.74205023067494946      -0.71066099746514910      -0.19186404946576210        7.0166032505912232E-002  -1.6337347234802603E-002   8.3754836164546875E-002 -0.68587580502363676      -0.67787286180587436      -0.66571238033365021      -0.71727289759448964       -1.7473896766686221        2.1733257775992960E-002
  -1.2265312216629380       0.25559239657989963       0.25025788155824519       0.28386203314074510       0.21721456151563842        1.4334521468466910E-002   8.4585462758552180E-004   6.2834260062849499E-003  -4.5336672142707668E-004  -3.1554653972328981E-003   5.8529085909709167E-003   4.9504624568545525E-003  -7.5769382775080305E-004   1.7593293535375105E-002 -0.32402513354595885     
  -249.62781734586528       -30.549985994747672       -17.336141193130587       -11.866718641769760       -32.784061004172557      -0.99676481427813080       -6.5471361275872483E-002   3.2105868453223496        3.5959773366730778        3.5984503953777005      -0.63689071287637977     
  -30.732621564902903       -31.894357098941651       -3.4222749033126489       -2.7410162635738460       -5.5293821429488377        1.5358544194369701       -1.9823154157462357       0.56147916565032852       -2.6107264144856277      -0.19535483800929968       0.49053590164970634     
  -17.323775976328243       -3.4063538118145433       -29.028258916537474       -1.6900858206477387       -3.6045490706295111      -0.85082692139737814      -0.15381244014879039      -0.48101570553737044       0.11031840731535138       -2.7560702474097090       0.24257662849252576     
  -11.811830390768828       -2.7010342293431227       -1.6723724807158546       -27.960098518642155       -3.0190923016917051       -1.3552912177857857      -0.25541550100800320       -1.3291287234598428       0.20067622894022644       -1.0819412386915959        1.4634450871026505     
  -32.973981267284238       -5.5617230750957392       -3.6568694704338474       -3.0820083325287877       -32.551946551737622        3.1351287106742096      -0.76301659359517515       -2.3002944794535405       0.52292288964821243      -0.28750541414321890      -0.92766264125946185     
  -1.0397340161788062        1.6100159406610466      -0.85252631177668425       -1.4325169003060585        3.2159840088333338       -1.5963461531718726       0.14540295017839655        1.1645895880009132       0.47608903656793117        5.9483117018630106E-002  0.26343401406906641     
 -0.13297093950716332       -1.9546603556873625      -0.14989870522238483      -0.32152630662454135      -0.74071513798439981       0.13923475901441984       -1.8478321825759505      -0.32903168391888299      -0.87607083307333899        1.9624341814110532E-002  0.23324802771194225     
   3.2199540312281849       0.57262283983279905      -0.50971602217605694       -1.3409744747563033       -2.2982994345967751        1.1407393242944068      -0.36825346990385860       -2.8807926374440913      -0.25967510217643330      -0.64165803341712502      -0.18022997094197196     
   3.6420539803611027       -2.6383005817816816       0.10623793320278481       0.27391676551260385       0.49887368596746484       0.47392721365920337      -0.86057871892183535      -0.25101721426217494       -2.7445353874947345      -0.70079034620957270       0.30051494769503229     
   3.6220260727520412      -0.20489007863782391       -2.7461116586981289       -1.0808487106121891      -0.29429373679267951        3.4470810960891635E-002  -7.0429918963884073E-003 -0.64902612785727132      -0.71014868361703476       -3.2708235461508326       -5.5896492342516473E-002
 -0.63689617057863557       0.50886191082636900       0.24929211935911463        1.5005811425205939      -0.95354062501055248       0.30364262303727518       0.27942651381882921      -0.16680097234690794       0.29278934478503288       -3.9348154624243452E-002 -0.38445074532029827     
