  -1264.6700517935426     
          15          11
   7.6454191000000001E-003  -5.7777649999999996E-004   3.0568780999999999E-003
  0.17929478820000000        2.6287277400000000E-002  -9.9943961299999995E-002
 -0.13033425209999999      -0.19035986069999999      -0.10394800220000000     
 -0.13278584580000000       0.21196094930000001       -3.3031350000000000E-003
   5.2585304700000002E-002  -4.7603265999999998E-002  0.19320217630000000     
 -0.30068316480000001      -0.45869172390000001      -0.24040902610000001     
  0.10779354789999999      -0.76443404169999996       0.47988400599999997     
  0.84675603590000004       -7.6582339599999993E-002  0.33460619809999997     
  0.53401075809999998      -0.50431320619999997      -0.52919753199999997     
 -0.44382423050000003       0.23203399550000001      -0.96898693329999996     
  0.54057897710000002       0.71036834640000002      -0.23884956399999999     
  0.11166224290000000       0.46122135790000002       0.82588848650000002     
 -0.94733481570000000       -9.3392592999999996E-002  0.33576324489999998     
 -0.30611870969999999       0.52289775670000005        6.2777277999999997E-003
   1.1442805114000001        1.8276080956000000       -8.2810152321999997     
  -7.7475739999999997E-004  -5.2367600000000005E-004  -8.3939040000000000E-004
  0.13443599389999999        9.2599498099999997E-002 -0.16633735490000001     
 -0.11627802869999999      -0.16690263910000000      -0.10139459989999999     
 -0.14141136550000000       0.15819190820000001        9.6822561500000001E-002
  0.13365981969999999       -7.8328170300000000E-002  0.17720969589999999     
 -0.25654850600000001       0.61665549590000002      -0.41784568430000002     
  0.43458174300000002      -0.65848329390000004      -0.41185116160000002     
 -0.16947349070000001       -5.1618809100000003E-002  0.76717448840000002     
  0.80244938889999995       0.46304836900000002       0.19734549350000000     
 -0.67489810549999996      -0.34991414370000001      -0.14350066189999999     
  -2.7947702301000001       -1.5269166869999999       -8.7586973473000000     
   4.8643339200000000E-003  -1.1509521970000001E-003  -8.6529154089999994E-003
  -3.3608730399999997E-004   1.2408026239999999E-003  -4.4901653649999998E-003
   5.3958128959999997E-003   3.0833343550000000E-003   3.6897151559999999E-003
   3.1994829690000001E-003  -6.4467321709999999E-003   4.2355893300000000E-004
  -5.6311025920000000E-003   2.0677819400000000E-003  -7.4188108299999998E-003
   4.4129178790000001E-003   3.5014548459999999E-003   1.6127541330000000E-003
  -4.5426885000000003E-005   1.6599230259999999E-003  -1.1810051089999999E-003
   9.2409917999999993E-005   2.7762787300000000E-004  -2.6070143400000001E-004
  -6.9703451500000002E-004   9.9567928299999992E-004   5.7398846999999999E-005
   1.2981056720000001E-003  -4.9899789400000005E-004  -2.7193944700000002E-004
  -7.1073733699999998E-004  -4.3319505799999997E-004  -1.4185329930000001E-003
   7.7305873499999996E-004  -1.4247443890000001E-003  -6.9179393599999995E-004
  -2.2391238799999999E-004   4.4137388000000002E-005  -1.6933638210000000E-003
   4.3569389029999997E-003  -2.6924620970000001E-003   9.4795863999999998E-004
  -9.5055814000000004E-005  -7.7994440000000006E-006   8.1045069999999992E-006
   1.4852586317000000E-002   1.3432377241000000E-002  -8.2942321559999997E-003
  0.12537832902000001       -4.5400696049999996E-003  -1.4992343633000000E-002
   4.2584676574000002E-002   3.9890606409999996E-003  -3.6972988383999997E-002
   1.3671216835000000E-002  -5.9594550152999998E-002   3.2432799220000002E-003
   2.0274550991999998E-002  -2.2364480034000000E-002   1.6122989846000000E-002
   2.1228537602999999E-002   3.0601989259999999E-003   4.9873690420999997E-002
  -1.8855676397000001E-002  -8.6287897890000003E-003   2.6053063229000001E-002
  -3.5442284191999997E-002  -5.1362432190000000E-003  -1.0190448091000000E-002
   3.1617671027999998E-002  -1.4996279938000000E-002   4.0152964215000003E-002
   1.0036009869999999E-002   9.3126467100000004E-004  -3.5541522318000000E-002
   3.5088439999999997E-005  -2.8753241399999998E-004  -4.5510324000000003E-005
   
  -1264.9318585220294     
          15          11
   7.5606674000000002E-003  -5.5772340000000001E-004   3.2076384999999998E-003
  0.17932649319999999        2.6170225500000002E-002  -9.9520378600000001E-002
 -0.13084326960000001      -0.19065072899999999      -0.10429607389999999     
 -0.13308767110000000       0.21256910600000001       -3.3430917000000001E-003
   5.3116518400000000E-002  -4.7798331499999999E-002  0.19390203460000000     
 -0.30109946030000001      -0.45902203590000001      -0.24056116629999999     
  0.10790623900000000      -0.76855183620000000       0.48281374210000000     
  0.84652679330000002       -7.7271055000000005E-002  0.33525292379999999     
  0.53573990149999995      -0.50678320190000004      -0.52933992210000003     
 -0.44704445960000000       0.23327186659999999      -0.96831232930000000     
  0.54234211330000004       0.71144297950000002      -0.23533058909999999     
  0.10974450519999999       0.46475574149999999       0.82760462950000002     
 -0.94677935310000005       -9.3502085200000001E-002  0.33996399649999998     
 -0.30652972439999998       0.52315175189999996        6.1883015000000000E-003
   1.1442809124000000        1.8276081285000001       -8.2810152664000007     
  -1.0335352000000000E-003  -7.5770929999999996E-004  -6.9487940000000005E-004
  0.12260834800000001        9.3027788500000000E-002 -0.16492304240000000     
 -0.12029528180000000      -0.16727894970000001       -9.7906729100000006E-002
 -0.14270104859999999       0.16381379870000001        9.6516604600000000E-002
  0.13174720679999999       -7.6218402599999999E-002  0.17568872320000001     
 -0.30921043939999998       0.60906401710000002      -0.54156805340000003     
  0.48135728610000000      -0.63707773300000003      -0.47648136400000002     
  -8.1551315099999994E-002  -3.8877257899999997E-002  0.79245407710000004     
  0.72401498529999997       0.50024985270000000        9.7737467300000005E-002
 -0.67584485900000002      -0.35000199520000003      -0.14014782940000001     
  -2.7947703781000000       -1.5269154740999999       -8.7586971553000001     
   2.5395148600000001E-003  -1.7128948360000001E-003   2.6628482019999998E-003
  -1.8952579310000000E-003   8.7782874800000003E-004  -1.3268352620000000E-003
   2.9875890859999998E-003  -7.2457530699999995E-004   1.6357385779999999E-003
   1.1340057900000001E-003  -1.4027386770000001E-003   9.2443651900000004E-004
  -3.2334090700000002E-003   3.7588850000000001E-004   1.2031857339999999E-003
   3.3593189049999999E-003   1.7241836390000001E-003   1.0537897530000001E-003
  -2.1438329100000001E-004   1.4404106660000000E-003  -1.0560761199999999E-003
   6.2357484999999999E-005   2.2257369299999999E-004  -4.8033237999999997E-005
  -6.8788492400000004E-004   8.0220412000000000E-004   3.3323224299999999E-004
   6.9269445200000003E-004  -5.1696125000000000E-004   2.5801379999999999E-006
  -5.2853823499999998E-004  -3.8512255600000000E-004  -7.0309332900000000E-004
   3.3121967900000000E-004  -1.0374021510000000E-003  -6.4674158699999998E-004
   3.0620702000000002E-005  -8.2645683000000001E-005  -9.6024442000000002E-004
   3.2424094649999998E-003  -7.9793633300000004E-004   1.1575625639999999E-003
  -9.6014228999999999E-005  -8.1342680000000002E-006   8.2284950000000006E-006
  -5.7931836521999999E-002   2.0087701305000000E-002   1.4152909345999999E-002
   3.8311289100999998E-002  -6.4810960010000000E-003   3.2581692874999998E-002
   1.1301870588000000E-002   2.2158264566999999E-002  -2.6065604108000000E-002
  -7.9643706099999996E-004  -2.6409601227999999E-002   3.2795697630000000E-003
   1.1726497003000000E-002  -1.5394980181000001E-002   4.0905891872000000E-002
   2.1096957294000001E-002   2.6396995911999999E-002   4.6069741937000003E-002
  -2.8098393642000001E-002  -2.1261391886999999E-002   1.7508928704999999E-002
  -3.0286255795000001E-002  -5.0288952209999998E-003  -3.4371362980000000E-003
   4.2574587281999997E-002  -3.0487651243999998E-002   1.5202779736000000E-002
   1.0696498535000000E-002   5.2334880300000002E-004  -4.9241708171000001E-002
  -6.5955349999999999E-005  -4.2176197000000003E-005  -3.6513401900000001E-004
   
  -1263.6588711814684     
          15          11
   6.6074788999999998E-003  -2.6016569999999999E-004   4.4381647999999999E-003
  0.18028617470000000        2.4773088799999999E-002  -9.5113172900000001E-002
 -0.13662793679999999      -0.19310348899999999      -0.10810889200000000     
 -0.13629416690000001       0.21872059680000000       -4.0391157999999996E-003
   5.9193950500000002E-002  -4.9745451300000000E-002  0.19999306359999999     
 -0.30615160390000001      -0.46270059660000001      -0.24234654489999999     
  0.11093194380000000      -0.82015561390000002       0.51981707369999997     
  0.84381839010000004       -8.5732838899999997E-002  0.34171437939999999     
  0.55817501160000005      -0.53716699260000000      -0.53373800419999995     
 -0.48340013990000003       0.24955892510000000      -0.96205817869999999     
  0.56362410959999998       0.72499514300000001      -0.19609884999999999     
   8.8843390100000003E-002  0.50721378660000005       0.84953934320000002     
 -0.94189252930000000       -9.3758895400000000E-002  0.38791181139999997     
 -0.31149172619999999       0.52579528160000000        4.9501548000000003E-003
   1.1442861494000001        1.8276085622000000       -8.2810157136000004     
   3.1038460000000002E-004  -4.2366935000000003E-003  -2.6669999999999998E-004
  -8.9614899999999995E-004   9.9286306399999996E-002 -0.16318706629999999     
 -0.16164365980000001      -0.17855142290000001       -5.6307483200000001E-002
 -0.15442369489999999       0.22539311449999999        9.2519250999999997E-002
  0.10983594770000001       -5.1185930400000003E-002  0.14718945410000001     
 -0.99383931820000004       0.29499045120000000       -2.1177863169000002     
   1.1757721919999999      -0.24180793730000000       -1.2394004663000000     
   1.0159548708999999       0.12607229859999999        1.0594052806000001     
 -0.39851675079999999        1.1276005683999999      -0.96942263299999998     
 -0.68840651659999996      -0.35100307959999999       -9.1677845999999993E-002
  -2.7947707212999999       -1.5269035257000001       -8.7586896433000003     
  -2.1018119391000002E-002  -1.3081944480000001E-003   9.9478760353999995E-002
  -1.3515727494999999E-002  -3.0147852720000001E-003   3.1352323542000002E-002
  -2.4852759693999998E-002  -4.0838588696000003E-002  -2.2777157579999999E-002
  -2.1562050833000002E-002   5.2128393070000001E-002   4.3436072360000001E-003
   1.9851407312999999E-002  -1.2438370963000000E-002   7.2421057038999995E-002
  -7.2317758010000000E-003  -1.6750571379000000E-002  -4.1502513080000003E-003
  -1.6818283360000000E-003  -7.4903090200000000E-004   4.5425437999999998E-005
  -2.3129353000000001E-004  -7.2378695600000000E-004   2.1133647260000001E-003
  -3.1283720699999999E-004  -1.6286505449999999E-003   3.5223540030000001E-003
  -6.3826799260000002E-003  -7.3210348700000001E-004   3.1108341849999999E-003
   1.6786516180000001E-003  -1.3242316000000001E-005   7.6134604490000002E-003
  -4.1617700780000001E-003   3.0684920750000001E-003  -3.6672678799999999E-004
   2.7923941480000000E-003  -1.2968118080000000E-003   6.6313879669999999E-003
  -8.5023125030000007E-003   1.8255626390000002E-002   3.3142977489999999E-003
  -1.0956329000000000E-004  -1.3446403000000000E-005   9.5354060000000000E-006
 -0.77232276991899995       -8.3826706960000007E-003  0.20339382091300001     
 -0.47386118921400000       -7.4505101017999995E-002  0.43477305954800000     
 -0.14027695747400001        8.3769691657999995E-002   2.6791798581999999E-002
 -0.30691306808100000       0.56101188675100000       0.15749158509799999     
 -0.55675076854600003       0.22737425493200000        6.1744117401999997E-002
  -1.4912911385000000E-002   8.5308274959999993E-003  -3.0858126771000000E-002
   2.1379522038999999E-002  -2.0743081499000001E-002  -4.2686398581999997E-002
   2.3334858088999998E-002  -6.9767843429999997E-003   4.9558020440000003E-003
  -8.0087340549999993E-003  -3.4583677569000000E-002  -2.1584882092000001E-002
  -1.5877444169999999E-003  -2.0175215579999999E-003  -2.7386674943000001E-002
  -6.8893250000000003E-006  -3.1333300000000001E-006   2.8233378600000001E-004
   
