     -7.06028    -0.13946    -0.11767    -0.11147    -0.10750     0.05488    -0.01019    -0.01452    -0.00990     0.00277    -0.01014    -0.01053     0.00081     0.04877    -0.00106
     -0.08313    -1.84519    -0.08430    -0.08374    -0.07978    -0.00418    -0.00567    -0.00577    -0.01032    -0.00971    -0.00994    -0.00565     0.03531    -0.00463     0.00089
     -0.08754    -0.06977    -1.86629    -0.07513    -0.06932    -0.00544    -0.01386     0.00549    -0.01601    -0.00933     0.01452     0.01432    -0.01177    -0.00548    -0.00151
     -0.08813    -0.07032    -0.07589    -1.86415    -0.07000    -0.00429     0.01380     0.00578     0.01409    -0.01058    -0.01643    -0.01297    -0.01208    -0.00429    -0.00032
     -0.08603    -0.07769    -0.08276    -0.08261    -1.83886    -0.01020    -0.00321    -0.00944    -0.00399     0.03809    -0.00444    -0.00181    -0.00935    -0.01078     0.00042
     -0.00046     0.01972    -0.02651     0.02001     0.02077    -0.48889    -0.02735     0.01249    -0.02844    -0.03115     0.00839     0.00989    -0.03134     0.01079    -0.00463
      0.00519     0.01286     0.00097     0.01481    -0.01875    -0.02916    -0.52767    -0.03047    -0.01307     0.01228     0.01569    -0.01528    -0.02549     0.01553    -0.00306
      0.00523    -0.00418     0.01387     0.01381    -0.00557     0.01722    -0.02939    -0.47534    -0.02925     0.01037    -0.03048    -0.02708     0.01474     0.01709     0.00240
      0.00536    -0.01658    -0.00030     0.01414     0.01159    -0.02830    -0.01271    -0.02769    -0.54081    -0.02258    -0.01781     0.01147     0.01050     0.01587    -0.00212
      0.00220     0.00034    -0.00389    -0.00397     0.00794    -0.03161     0.01594     0.01932    -0.02495    -0.52212    -0.02351     0.01701    -0.00219    -0.03209    -0.00076
      0.00535    -0.01647     0.01388    -0.00009     0.01111     0.01672     0.01173    -0.02757    -0.01794    -0.02280    -0.53942    -0.01331     0.01102    -0.02819    -0.00118
      0.00521     0.01320     0.01470     0.00044    -0.01819     0.01559    -0.01596    -0.02993     0.01570     0.01192    -0.01472    -0.52431    -0.02549    -0.02839    -0.00279
      0.00215     0.00792    -0.00288    -0.00307    -0.00053    -0.03262    -0.02419     0.01491     0.01771    -0.00152     0.01738    -0.02469    -0.51991    -0.03224     0.00297
      0.00011     0.01989     0.02042    -0.02634     0.02133     0.01110     0.00998     0.01252     0.00953    -0.03238    -0.02742    -0.02809    -0.03112    -0.48289    -0.00447
     -0.00138     0.00081     0.00101     0.00087     0.00088    -0.00043    -0.00061    -0.00230    -0.00097    -0.00131    -0.00114    -0.00063    -0.00229    -0.00036    -0.10509
     -7.00508    -0.25374    -0.07159    -0.01660    -0.26258    -0.03898    -0.04342     0.01502     0.04527     0.02424     0.00202
     -0.07603    -1.86452    -0.07126    -0.06697    -0.07529     0.06807     0.01020     0.02245    -0.04775     0.00233     0.01517
     -0.08602    -0.08717    -1.82837    -0.06222    -0.09843    -0.00937     0.00149    -0.01366    -0.00192    -0.01699    -0.00046
     -0.07088    -0.10590    -0.08094    -1.68584    -0.11708    -0.06621    -0.05725    -0.02845     0.05193    -0.01833     0.03069
     -0.07658    -0.04275    -0.04582    -0.05474    -1.88224     0.08936     0.02582    -0.01169    -0.01446     0.00766    -0.02425
      0.00011    -0.01015    -0.00386     0.01978    -0.00062    -0.22510     0.04382     0.01539    -0.01068     0.01375     0.01726
      0.00481    -0.00781     0.00674     0.01301     0.00695     0.03344    -0.14094    -0.00384    -0.02965     0.01120     0.01257
      0.00092     0.00708     0.01625    -0.00840    -0.01885     0.04135     0.04031    -0.54494    -0.01203    -0.00505     0.00482
     -0.00116    -0.02021     0.00353    -0.01738     0.00733    -0.01225    -0.05510    -0.02332    -0.37373    -0.04267     0.01571
      0.00034     0.00904    -0.02911    -0.01816     0.01163     0.03126     0.03462     0.00167    -0.02873    -0.49931    -0.00499
      0.00095     0.00730     0.00333    -0.01433     0.01022    -0.01335    -0.01630    -0.00880    -0.02246    -0.01123    -0.09819
