           9           9
   0.00000000       0.00000000       0.00000000    
  0.70370423860639264       0.36991879066982453      -0.60659742241190884     
  0.78089279239320830      -0.59124520892694610       0.20158261261643970     
 -0.15372120460380598      -0.29651860265604013      -0.94257440530393366     
  0.56084604035349472       0.44789483584852680       0.69630592058378149     
 -0.46445966067455330       -8.4418587591488750E-002  0.88156152688007938     
 -0.97376665739674140       0.13005265375564329      -0.18672119374482382     
 -0.29437344929709891      -0.95483010694693626        4.0543053864138416E-002
 -0.20334129254702402       0.97726658653313503       -6.0019476765297584E-002
   0.00000000       0.00000000       0.00000000    
  0.70370423860639264       0.36991879066982453      -0.60659742241190884     
  0.78089279239320830      -0.59124520892694610       0.20158261261643970     
 -0.15372120460380598      -0.29651860265604013      -0.94257440530393366     
  0.56084604035349472       0.44789483584852680       0.69630592058378149     
 -0.46445966067455330       -8.4418587591488750E-002  0.88156152688007938     
 -0.97376665739674140       0.13005265375564329      -0.18672119374482382     
 -0.29437344929709891      -0.95483010694693626        4.0543053864138416E-002
 -0.20334129254702402       0.97726658653313503       -6.0019476765297584E-002
