  -129.23653919211981     
           5           0
   0.0000000000000000        0.0000000000000000        0.0000000000000000     
   1.0000000000000000        0.0000000000000000        0.0000000000000000     
  -1.0000000000000000        0.0000000000000000        0.0000000000000000     
   0.0000000000000000        1.0000000000000000        0.0000000000000000     
   0.0000000000000000        0.0000000000000000        1.0000000000000000     
  -129.26377401834958     
           5           0
   0.0000000000000000       -2.6269577400000001E-002  -2.6269577400000001E-002
   1.0180306900000000      -0.15383662980000001      -0.15383662980000001     
  -1.0180306900000000      -0.15383662980000001      -0.15383662980000001     
   0.0000000000000000       0.96563549479999999       -6.6418201400000001E-002
   0.0000000000000000       -6.6418201400000001E-002  0.96563549479999999     
  -129.27810517223000     
           5           0
   0.0000000000000000       -9.8129893999999995E-003  -9.8129893999999995E-003
  0.98382102880000000      -0.39595811370000000      -0.39595811370000000     
 -0.98382102880000000      -0.39595811370000000      -0.39595811370000000     
   0.0000000000000000       0.90378788610000005      -0.25264559800000003     
   0.0000000000000000      -0.25264559800000003       0.90378788610000005     
