           5           4
 -0.216510215752D-01  0.288688488434D-03 -0.512092452875D-01
  0.202629668227D+01 -0.413969640485D-04  0.201974759568D+00
 -0.148913787378D+01  0.205430731851D+01 -0.778405378964D+00
 -0.139575422029D+01 -0.197567826738D+01 -0.711670766843D+00
  0.508085118125D+00 -0.677701290325D-02  0.230628168354D+01
  0.118262539331D-02  0.224865536483D-03 -0.225373445187D+00
  0.220555359758D+01 -0.339295949980D-02 -0.275772969571D-03
 -0.130220160384D+01  0.203739775843D+01 -0.201646615089D-03
 -0.807218087177D+00 -0.173901933550D+01 -0.200979929107D-03
