     5    4        5    4
        -0.0216505454        0.0002184573       -0.0507692218    1   1
         2.0261088449        0.0002802793        0.2033528946    1   2
        -1.5100948331        2.0852443427       -0.7929601683    1   3
        -1.4163042679       -1.9765103806       -0.7196311273    1   4
         0.4944196414       -0.0032644230        2.3192985725    1   5
  
  
         0.0015646528        0.0001241248       -0.2251761304    1   1
         2.2059505822       -0.0017440371       -0.0002757650    1   2
        -1.3026295148        2.0377135972       -0.0002016695    1   3
        -0.8052141955       -1.7385461026       -0.0002012959    1   4
  
  
