   1.2909944487358056     
   1.2909944487358056     
   1.2909944487358056     
   3.1622776601683795     
   3.1622776601683795     
   3.1622776601683795     
   21.821789170699951     
   21.821789170699951     
   21.821789170699951     
   21.821789170699951     
   21.821789170699951     
   21.821789170699951     
   8.9087081238010946     
   8.9087081238010946     
   8.9087081238010946     
   1.2909944487358056     
   1.2909944487358056     
   1.2909944487358056     
   3.1622776601683795     
   3.1622776601683795     
   3.1622776601683795     
   3.1622776601683795     
   3.1622776601683795     
   3.1622776601683795     
   3.1622776601683795     
   3.1622776601683795     
   3.1622776601683795     
