  -39.992187421871577     
           5           4
  -2.1227081599999999E-002   2.0199999999999999E-008  -5.1835845600000000E-002
   2.0278014888999998        2.6759999999999999E-006  0.20319274309999999     
  -1.4420823478000000        2.0034920690000000       -1.1239467735999999     
  -1.3420789987999999       -2.0034929343000001      -0.92393841379999997     
  0.48189559510000002        6.1619000000000002E-006   2.3108173073999998     
   2.0460913000000000E-003  -1.2820000000000000E-007 -0.22493410720000001     
   2.2063736253999999       -7.8019000000000006E-006  -2.7576139999999999E-004
  -1.3030772440000000        2.0380448889000000       -2.0169360000000001E-004
 -0.80308377470000003       -1.7380489776000001       -2.0162950000000000E-004
   4.1465560500000002E-004  -2.1389357799999999E-004  -1.0444377359999999E-003
   2.7623942300000000E-004  -4.5304847000000002E-005  -2.6136724999999998E-005
   2.3309232700000000E-004  -2.8018131699999999E-004  -1.1343569889999999E-003
   2.5438477400000002E-004  -9.2474582999999997E-005  -7.0020174399999997E-004
  -2.5753439900000000E-004   6.7253674000000005E-005  -1.7440190300000000E-004
   4.7142449599999999E-004  -1.2166850300000000E-004   2.3698905200000001E-004
   6.9040628000000001E-005   2.8335351199999998E-004   5.9200000000000002E-010
  -7.3069387000000000E-005   5.4066790000000001E-005  -3.9300000000000003E-009
   3.4768458300000002E-004   8.1130781999999997E-005  -5.4437000000000000E-008
   
  -39.989537390983614     
           5           4
  -2.3459831500000000E-002   1.1517490999999999E-003  -4.6211978000000001E-002
   2.0188768750000001        1.4663638000000001E-003  0.20403715620000001     
  -1.8006841512000000        2.4345381134999999       0.62120917909999995     
  -1.7334382506999999       -1.8612250499000000       0.15328970180000001     
  0.54792972920000005       -1.7238284499999999E-002   2.3555355224999999     
  -4.9233570000000002E-004   6.5500659999999996E-004 -0.22621019580000001     
   2.2041430930999999       -9.1622544999999996E-003  -2.7578050000000000E-004
  -1.3007165523999999        2.0362981244000000       -2.0156659999999999E-004
 -0.81431660539999995       -1.7406701129000000       -1.9987080000000000E-004
   1.1133164400000000E-004  -3.7155637700000000E-004   6.5323343060000004E-003
  -7.9418555300000005E-004   3.9789100099999999E-004   2.4114123500000001E-004
  -5.1562399700000002E-004   3.2269060300000002E-004   1.6834864040000000E-003
  -9.3639921399999999E-004   7.8064768699999995E-004   1.0847870080000000E-003
   8.3440841400000000E-004  -3.4890928400000001E-004   3.1399042600000003E-004
   2.2015001000000001E-005  -1.7171805000000001E-005   3.4894046999999997E-005
   6.0561518000000002E-005   2.6661230800000002E-004   4.6019999999999996E-009
  -7.1141389000000006E-005   5.1920270999999999E-005  -3.7070000000000001E-009
   3.0982924600000001E-004   7.7461802999999999E-005  -5.0543999999999999E-008
   
  -39.992356742267248     
           5           4
  -2.1650545399999999E-002   2.1845729999999999E-004  -5.0769221800000000E-002
   2.0261088449000000        2.8027930000000003E-004  0.20335289460000000     
  -1.5100948330999999        2.0852443426999998      -0.79296016830000005     
  -1.4163042679000000       -1.9765103805999999      -0.71963112730000001     
  0.49441964140000000       -3.2644229999999998E-003   2.3192985725000002     
   1.5646528000000000E-003   1.2412480000000001E-004 -0.22517613040000001     
   2.2059505821999998       -1.7440371000000000E-003  -2.7576500000000003E-004
  -1.3026295148000000        2.0377135971999998       -2.0166950000000000E-004
 -0.80521419549999995       -1.7385461026000000       -2.0129590000000000E-004
  -1.2325008000000000E-005  -6.7213382999999996E-005   4.9487183299999995E-004
  -4.1454374000000003E-005   5.7760694000000001E-005   2.4226498000000000E-004
  -8.4316877000000003E-005   1.2249313500000000E-004  -1.8465168999999999E-005
  -8.3478312000000003E-005  -2.0130200000000001E-007  -7.6309289999999994E-006
  -2.9371152999999999E-004   7.5463265000000004E-005   2.9275347499999998E-004
   3.8701786599999998E-004  -1.0213857300000000E-004   2.0009334000000001E-004
   6.7418332999999995E-005   2.8013561800000001E-004   1.3780000000000000E-009
  -7.2712180000000004E-005   5.3664303000000002E-005  -3.8879999999999998E-009
   3.4033831099999998E-004   8.0403479000000006E-005  -5.3675999999999997E-008
   
