     4 0.02 0.005      5.000000     4.000000  NAT,DX,DE,EUP,EDN
 300.0 0.0  1 6.0                             TEMP,WAVL,IBROAD,FWHM
            12.011150             1.007970             1.007970
             1.007970
                 -39.9923567423     3 Energy and Symbol NCALC
           0.00004100          -0.00000000          -0.00000000   6   6
   0.000000000000D+00   0.000000000000D+00   0.000000000000D+00
           2.05804500          -0.00000000          -0.00000000   1   1
   0.000000000000D+00   0.000000000000D+00   0.000000000000D+00
          -1.02902200           1.78251500          -0.00000000   1   1
   0.000000000000D+00   0.000000000000D+00   0.000000000000D+00
          -1.02902200          -1.78251500          -0.00000000   1   1
   0.000000000000D+00   0.000000000000D+00   0.000000000000D+00
  -0.287285654821D-04   0.273359676272D-02   0.365505138186D-01
   0.000000000000D+00   0.000000000000D+00   0.000000000000D+00
